Rep,Loc,Seq,Freq,Sent,Received
6,CR,5,30000000.0,126,174
6,CR,5,30000000.0,87,168
6,CR,5,30000000.0,21,127
6,CR,5,30000000.0,233,192
6,CR,5,30000000.0,33,237
6,CR,5,30000000.0,136,255
6,CR,5,30000000.0,173,3
6,CR,5,30000000.0,252,19
6,CR,5,30000000.0,184,214
6,CR,5,30000000.0,86,219
6,CR,5,30000000.0,88,218
6,CR,5,30000000.0,178,20
6,CR,5,30000000.0,107,8
6,CR,5,30000000.0,116,88
6,CR,5,30000000.0,126,247
6,CR,5,30000000.0,138,169
6,CR,5,30000000.0,64,253
6,CR,5,30000000.0,204,17
6,CR,5,30000000.0,225,90
6,CR,5,30000000.0,97,84
6,CR,5,30000000.0,14,81
6,CR,5,30000000.0,3,111
6,CR,5,30000000.0,135,126
6,CR,5,30000000.0,69,35
6,CR,5,30000000.0,234,175
6,CR,5,30000000.0,70,149
6,CR,5,30000000.0,36,47
6,CR,5,30000000.0,203,227
6,CR,5,30000000.0,125,93
6,CR,5,30000000.0,192,141
6,CR,5,30000000.0,147,55
6,CR,5,30000000.0,164,167
6,CR,5,30000000.0,13,113
6,CR,5,30000000.0,71,39
6,CR,5,30000000.0,191,86
6,CR,5,30000000.0,208,204
6,CR,5,30000000.0,55,221
6,CR,5,30000000.0,182,118
6,CR,5,30000000.0,113,172
6,CR,5,30000000.0,83,21
6,CR,5,30000000.0,108,42
6,CR,5,30000000.0,145,56
6,CR,5,30000000.0,88,41
6,CR,5,30000000.0,24,94
6,CR,5,30000000.0,209,111
6,CR,5,30000000.0,127,68
6,CR,5,30000000.0,15,47
6,CR,5,30000000.0,168,85
6,CR,5,30000000.0,67,223
6,CR,5,30000000.0,144,14
6,CR,5,30000000.0,163,207
6,CR,5,30000000.0,209,59
6,CR,5,30000000.0,201,181
6,CR,5,30000000.0,217,145
6,CR,5,30000000.0,188,61
6,CR,5,30000000.0,179,43
6,CR,5,30000000.0,151,16
6,CR,5,30000000.0,78,170
6,CR,5,30000000.0,39,77
6,CR,5,30000000.0,235,155
6,CR,5,30000000.0,73,170
6,CR,5,30000000.0,191,248
6,CR,5,30000000.0,2,80
6,CR,5,30000000.0,26,231
6,CR,5,30000000.0,70,238
6,CR,5,30000000.0,207,252
6,CR,5,30000000.0,215,85
6,CR,5,30000000.0,57,38
6,CR,5,30000000.0,214,143
6,CR,5,30000000.0,61,197
6,CR,5,30000000.0,194,127
6,CR,5,30000000.0,166,113
6,CR,5,30000000.0,84,77
6,CR,5,30000000.0,36,133
6,CR,5,30000000.0,132,223
6,CR,5,30000000.0,126,167
6,CR,5,30000000.0,100,254
6,CR,5,30000000.0,89,239
6,CR,5,30000000.0,234,152
6,CR,5,30000000.0,118,44
6,CR,5,30000000.0,191,6
6,CR,5,30000000.0,209,70
6,CR,5,30000000.0,138,198
6,CR,5,30000000.0,66,189
6,CR,5,30000000.0,19,120
6,CR,5,30000000.0,19,215
6,CR,5,30000000.0,135,83
6,CR,5,30000000.0,169,105
6,CR,5,30000000.0,18,18
6,CR,5,30000000.0,155,20
6,CR,5,30000000.0,175,140
6,CR,5,30000000.0,112,54
6,CR,5,30000000.0,20,219
6,CR,5,30000000.0,176,13
6,CR,5,30000000.0,70,252
6,CR,5,30000000.0,53,194
6,CR,5,30000000.0,181,224
6,CR,5,30000000.0,52,246
6,CR,5,30000000.0,72,8
6,CR,5,30000000.0,69,187
6,CR,5,30000000.0,175,83
6,CR,5,30000000.0,88,17
6,CR,5,30000000.0,137,36
6,CR,5,30000000.0,170,250
6,CR,5,30000000.0,229,229
6,CR,5,30000000.0,167,213
6,CR,5,30000000.0,109,39
6,CR,5,30000000.0,216,233
6,CR,5,30000000.0,149,197
6,CR,5,30000000.0,168,113
6,CR,5,30000000.0,6,226
6,CR,5,30000000.0,139,126
6,CR,5,30000000.0,79,164
6,CR,5,30000000.0,128,215
6,CR,5,30000000.0,250,171
6,CR,5,30000000.0,24,192
6,CR,5,30000000.0,156,216
6,CR,5,30000000.0,125,100
6,CR,5,30000000.0,202,76
6,CR,5,30000000.0,142,204
6,CR,5,30000000.0,88,10
6,CR,5,30000000.0,222,175
6,CR,5,30000000.0,128,225
6,CR,5,30000000.0,125,18
6,CR,5,30000000.0,21,131
6,CR,5,30000000.0,152,209
6,CR,5,30000000.0,91,0
6,CR,5,30000000.0,229,112
6,CR,5,30000000.0,44,145
6,CR,5,30000000.0,233,27
6,CR,5,30000000.0,83,138
6,CR,5,30000000.0,176,41
6,CR,5,30000000.0,21,152
6,CR,5,30000000.0,136,42
6,CR,5,30000000.0,47,16
6,CR,5,30000000.0,73,163
6,CR,5,30000000.0,19,146
6,CR,5,30000000.0,233,131
6,CR,5,30000000.0,213,92
6,CR,5,30000000.0,57,98
6,CR,5,30000000.0,114,43
6,CR,5,30000000.0,14,228
6,CR,5,30000000.0,227,139
6,CR,5,30000000.0,57,178
6,CR,5,30000000.0,0,222
6,CR,5,30000000.0,121,230
6,CR,5,30000000.0,71,40
6,CR,5,30000000.0,90,193
6,CR,5,30000000.0,109,113
6,CR,5,30000000.0,97,133
6,CR,5,30000000.0,30,28
6,CR,5,30000000.0,31,144
6,CR,5,30000000.0,185,126
6,CR,5,30000000.0,115,36
6,CR,5,30000000.0,141,50
6,CR,5,30000000.0,187,1
6,CR,5,30000000.0,93,11
6,CR,5,30000000.0,189,221
6,CR,5,30000000.0,185,169
6,CR,5,30000000.0,229,29
6,CR,5,30000000.0,83,211
6,CR,5,30000000.0,165,195
6,CR,5,30000000.0,182,77
6,CR,5,30000000.0,220,237
6,CR,5,30000000.0,91,88
6,CR,5,30000000.0,207,123
6,CR,5,30000000.0,190,176
6,CR,5,30000000.0,7,194
6,CR,5,30000000.0,27,150
6,CR,5,30000000.0,108,204
6,CR,5,30000000.0,170,179
6,CR,5,30000000.0,31,210
6,CR,5,30000000.0,234,14
6,CR,5,30000000.0,223,201
6,CR,5,30000000.0,148,222
6,CR,5,30000000.0,242,98
6,CR,5,30000000.0,123,226
6,CR,5,30000000.0,156,15
6,CR,5,30000000.0,91,186
6,CR,5,30000000.0,30,112
6,CR,5,30000000.0,31,138
6,CR,5,30000000.0,251,146
6,CR,5,30000000.0,220,103
6,CR,5,30000000.0,87,150
6,CR,5,30000000.0,13,192
6,CR,5,30000000.0,13,182
6,CR,5,30000000.0,183,5
6,CR,5,30000000.0,200,221
6,CR,5,30000000.0,102,36
6,CR,5,30000000.0,71,242
6,CR,5,30000000.0,170,142
6,CR,5,30000000.0,98,216
6,CR,5,30000000.0,39,20
6,CR,5,30000000.0,213,180
6,CR,5,30000000.0,142,147
6,CR,5,30000000.0,116,78
6,CR,5,30000000.0,240,58
6,CR,5,30000000.0,96,248
6,CR,5,30000000.0,21,79
6,CR,5,30000000.0,235,133
6,CR,5,30000000.0,101,177
6,CR,5,30000000.0,158,242
6,CR,5,30000000.0,24,121
6,CR,5,30000000.0,75,235
6,CR,5,30000000.0,239,76
6,CR,5,30000000.0,7,150
6,CR,5,30000000.0,141,189
6,CR,5,30000000.0,127,100
6,CR,5,30000000.0,239,147
6,CR,5,30000000.0,106,207
6,CR,5,30000000.0,221,216
6,CR,5,30000000.0,109,117
6,CR,5,30000000.0,83,99
6,CR,5,30000000.0,76,98
6,CR,5,30000000.0,175,252
6,CR,5,30000000.0,47,105
6,CR,5,30000000.0,231,63
6,CR,5,30000000.0,55,10
6,CR,5,30000000.0,121,131
6,CR,5,30000000.0,9,164
6,CR,5,30000000.0,130,203
6,CR,5,30000000.0,184,208
6,CR,5,30000000.0,77,180
6,CR,5,30000000.0,65,244
6,CR,5,30000000.0,209,56
6,CR,5,30000000.0,114,121
6,CR,5,30000000.0,150,66
6,CR,5,30000000.0,3,56
6,CR,5,30000000.0,191,127
6,CR,5,30000000.0,207,216
6,CR,5,30000000.0,213,33
6,CR,5,30000000.0,19,61
6,CR,5,30000000.0,122,92
6,CR,5,30000000.0,155,208
6,CR,5,30000000.0,150,179
6,CR,5,30000000.0,19,113
6,CR,5,30000000.0,218,236
6,CR,5,30000000.0,66,158
6,CR,5,30000000.0,165,164
6,CR,5,30000000.0,247,48
6,CR,5,30000000.0,242,246
6,CR,5,30000000.0,253,63
6,CR,5,30000000.0,76,24
6,CR,5,30000000.0,100,8
6,CR,5,30000000.0,60,56
6,CR,5,30000000.0,187,76
6,CR,5,30000000.0,22,89
6,CR,5,30000000.0,206,227
6,CR,5,30000000.0,50,247
6,CR,5,30000000.0,135,191
6,CR,5,30000000.0,1,201
6,CR,5,30000000.0,246,13
6,CR,5,30000000.0,200,238
6,CR,5,30000000.0,149,126
6,CR,5,30000000.0,240,128
6,CR,5,30000000.0,169,162
6,CR,5,30000000.0,115,60
6,CR,5,30000000.0,65,253
6,CR,5,30000000.0,126,127
6,CR,5,30000000.0,55,134
6,CR,5,30000000.0,101,213
6,CR,5,30000000.0,168,122
6,CR,5,30000000.0,134,114
6,CR,5,30000000.0,36,133
6,CR,5,30000000.0,214,191
6,CR,5,30000000.0,136,114
6,CR,5,30000000.0,168,201
6,CR,5,30000000.0,56,163
6,CR,5,30000000.0,143,100
6,CR,5,30000000.0,91,182
6,CR,5,30000000.0,239,54
6,CR,5,30000000.0,156,107
6,CR,5,30000000.0,138,194
6,CR,5,30000000.0,110,235
6,CR,5,30000000.0,248,113
6,CR,5,30000000.0,149,53
6,CR,5,30000000.0,178,76
6,CR,5,30000000.0,196,171
6,CR,5,30000000.0,119,12
6,CR,5,30000000.0,167,89
6,CR,5,30000000.0,57,88
6,CR,5,30000000.0,215,73
6,CR,5,30000000.0,1,15
6,CR,5,30000000.0,251,132
6,CR,5,30000000.0,251,241
6,CR,5,30000000.0,123,16
6,CR,5,30000000.0,121,24
6,CR,5,30000000.0,226,218
6,CR,5,30000000.0,145,165
6,CR,5,30000000.0,202,229
6,CR,5,30000000.0,66,15
6,CR,5,30000000.0,200,87
6,CR,5,30000000.0,172,35
6,CR,5,30000000.0,116,37
6,CR,5,30000000.0,186,171
6,CR,5,30000000.0,148,197
6,CR,5,30000000.0,46,127
6,CR,5,30000000.0,191,176
6,CR,5,30000000.0,155,161
6,CR,5,30000000.0,44,54
6,CR,5,30000000.0,95,97
6,CR,5,30000000.0,154,26
6,CR,5,30000000.0,62,161
6,CR,5,30000000.0,63,127
6,CR,5,30000000.0,104,130
6,CR,5,30000000.0,5,8
6,CR,5,30000000.0,153,88
6,CR,5,30000000.0,89,84
6,CR,5,30000000.0,240,49
6,CR,5,30000000.0,89,165
6,CR,5,30000000.0,51,201
6,CR,5,30000000.0,85,45
6,CR,5,30000000.0,195,128
6,CR,5,30000000.0,45,158
6,CR,5,30000000.0,130,150
6,CR,5,30000000.0,147,114
6,CR,5,30000000.0,226,114
6,CR,5,30000000.0,91,56
6,CR,5,30000000.0,159,66
6,CR,5,30000000.0,112,200
6,CR,5,30000000.0,63,43
6,CR,5,30000000.0,250,164
6,CR,5,30000000.0,232,176
6,CR,5,30000000.0,70,190
6,CR,5,30000000.0,77,224
6,CR,5,30000000.0,145,39
6,CR,5,30000000.0,81,76
6,CR,5,30000000.0,34,32
6,CR,5,30000000.0,37,175
6,CR,5,30000000.0,188,155
6,CR,5,30000000.0,16,243
6,CR,5,30000000.0,194,165
6,CR,5,30000000.0,64,220
6,CR,5,30000000.0,145,253
6,CR,5,30000000.0,196,23
6,CR,5,30000000.0,224,193
6,CR,5,30000000.0,7,30
6,CR,5,30000000.0,208,133
6,CR,5,30000000.0,69,245
6,CR,5,30000000.0,175,190
6,CR,5,30000000.0,246,188
6,CR,5,30000000.0,90,128
6,CR,5,30000000.0,71,74
6,CR,5,30000000.0,39,63
6,CR,5,30000000.0,69,162
6,CR,5,30000000.0,8,10
6,CR,5,30000000.0,197,109
6,CR,5,30000000.0,93,74
6,CR,5,30000000.0,192,149
6,CR,5,30000000.0,3,193
6,CR,5,30000000.0,184,132
6,CR,5,30000000.0,93,13
6,CR,5,30000000.0,129,100
6,CR,5,30000000.0,231,119
6,CR,5,30000000.0,37,48
6,CR,5,30000000.0,114,161
6,CR,5,30000000.0,246,225
6,CR,5,30000000.0,247,178
6,CR,5,30000000.0,176,243
6,CR,5,30000000.0,193,218
6,CR,5,30000000.0,149,119
6,CR,5,30000000.0,20,246
6,CR,5,30000000.0,48,92
6,CR,5,30000000.0,245,135
6,CR,5,30000000.0,44,115
6,CR,5,30000000.0,162,134
6,CR,5,30000000.0,190,239
6,CR,5,30000000.0,171,216
6,CR,5,30000000.0,211,194
6,CR,5,30000000.0,128,16
6,CR,5,30000000.0,140,123
6,CR,5,30000000.0,45,4
6,CR,5,30000000.0,152,252
6,CR,5,30000000.0,165,31
6,CR,5,30000000.0,125,23
6,CR,5,30000000.0,69,106
6,CR,5,30000000.0,168,72
6,CR,5,30000000.0,6,255
6,CR,5,30000000.0,50,0
6,CR,5,30000000.0,184,1
6,CR,5,30000000.0,217,42
6,CR,5,30000000.0,196,5
6,CR,5,30000000.0,252,58
6,CR,5,30000000.0,51,29
6,CR,5,30000000.0,150,157
6,CR,5,30000000.0,184,190
6,CR,5,30000000.0,220,111
6,CR,5,30000000.0,61,110
6,CR,5,30000000.0,57,201
6,CR,5,30000000.0,213,137
6,CR,5,30000000.0,55,215
6,CR,5,30000000.0,207,194
6,CR,5,30000000.0,218,33
6,CR,5,30000000.0,107,181
6,CR,5,30000000.0,201,239
6,CR,5,30000000.0,136,195
6,CR,5,30000000.0,96,217
6,CR,5,30000000.0,61,173
6,CR,5,30000000.0,149,204
6,CR,5,30000000.0,40,189
6,CR,5,30000000.0,243,212
6,CR,5,30000000.0,81,247
6,CR,5,30000000.0,21,143
6,CR,5,30000000.0,133,107
6,CR,5,30000000.0,97,209
6,CR,5,30000000.0,179,145
6,CR,5,30000000.0,92,92
6,CR,5,30000000.0,48,84
6,CR,5,30000000.0,248,167
6,CR,5,30000000.0,75,50
6,CR,5,30000000.0,132,135
6,CR,5,30000000.0,61,72
6,CR,5,30000000.0,243,90
6,CR,5,30000000.0,87,210
6,CR,5,30000000.0,49,227
6,CR,5,30000000.0,78,98
6,CR,5,30000000.0,224,137
6,CR,5,30000000.0,24,183
6,CR,5,30000000.0,75,53
6,CR,5,30000000.0,167,153
6,CR,5,30000000.0,14,235
6,CR,5,30000000.0,67,80
6,CR,5,30000000.0,160,10
6,CR,5,30000000.0,198,124
6,CR,5,30000000.0,226,94
6,CR,5,30000000.0,241,0
6,CR,5,30000000.0,54,52
6,CR,5,30000000.0,52,27
6,CR,5,30000000.0,139,66
6,CR,5,30000000.0,200,94
6,CR,5,30000000.0,114,17
6,CR,5,30000000.0,30,182
6,CR,5,30000000.0,92,187
6,CR,5,30000000.0,150,217
6,CR,5,30000000.0,0,22
6,CR,5,30000000.0,82,4
6,CR,5,30000000.0,121,82
6,CR,5,30000000.0,22,43
6,CR,5,30000000.0,218,127
6,CR,5,30000000.0,193,183
6,CR,5,30000000.0,66,240
6,CR,5,30000000.0,80,102
6,CR,5,30000000.0,41,224
6,CR,5,30000000.0,138,46
6,CR,5,30000000.0,179,43
6,CR,5,30000000.0,167,36
6,CR,5,30000000.0,102,250
6,CR,5,30000000.0,1,173
6,CR,5,30000000.0,101,209
6,CR,5,30000000.0,244,35
6,CR,5,30000000.0,235,29
6,CR,5,30000000.0,122,53
6,CR,5,30000000.0,110,253
6,CR,5,30000000.0,13,117
6,CR,5,30000000.0,220,192
6,CR,5,30000000.0,132,162
6,CR,5,30000000.0,30,38
6,CR,5,30000000.0,81,103
6,CR,5,30000000.0,229,65
6,CR,5,30000000.0,211,22
6,CR,5,30000000.0,79,36
6,CR,5,30000000.0,70,99
6,CR,5,30000000.0,143,211
6,CR,5,30000000.0,121,72
6,CR,5,30000000.0,13,100
6,CR,5,30000000.0,89,83
6,CR,5,30000000.0,64,106
6,CR,5,30000000.0,117,128
6,CR,5,30000000.0,165,198
6,CR,5,30000000.0,101,78
6,CR,5,30000000.0,170,205
6,CR,5,30000000.0,232,177
6,CR,5,30000000.0,84,29
6,CR,5,30000000.0,182,17
6,CR,5,30000000.0,106,79
6,CR,5,30000000.0,193,91
6,CR,5,30000000.0,177,19
6,CR,5,30000000.0,178,136
6,CR,5,30000000.0,236,157
6,CR,5,30000000.0,36,193
6,CR,5,30000000.0,182,171
6,CR,5,30000000.0,205,183
6,CR,5,30000000.0,60,103
6,CR,5,30000000.0,147,161
6,CR,5,30000000.0,186,72
6,CR,5,30000000.0,227,226
6,CR,5,30000000.0,129,204
6,CR,5,30000000.0,113,168
6,CR,5,30000000.0,159,98
6,CR,5,30000000.0,3,193
6,CR,5,30000000.0,22,18
6,CR,5,30000000.0,238,220
6,CR,5,30000000.0,249,245
6,CR,5,30000000.0,254,28
6,CR,5,30000000.0,206,223
6,CR,5,30000000.0,152,227
6,CR,5,30000000.0,199,244
6,CR,5,30000000.0,186,178
6,CR,5,30000000.0,161,151
6,CR,5,30000000.0,114,217
6,CR,5,30000000.0,219,115
6,CR,5,30000000.0,146,113
6,CR,5,30000000.0,199,43
6,CR,5,30000000.0,212,247
6,CR,5,30000000.0,7,207
6,CR,5,30000000.0,121,182
6,CR,5,30000000.0,96,170
6,CR,5,30000000.0,196,182
6,CR,5,30000000.0,128,82
6,CR,5,30000000.0,137,191
6,CR,5,30000000.0,246,240
6,CR,5,30000000.0,159,133
6,CR,5,30000000.0,127,155
6,CR,5,30000000.0,146,15
6,CR,5,30000000.0,255,199
6,CR,5,30000000.0,222,137
6,CR,5,30000000.0,107,239
6,CR,5,30000000.0,208,103
6,CR,5,30000000.0,46,151
6,CR,5,30000000.0,234,245
6,CR,5,30000000.0,213,241
6,CR,5,30000000.0,71,65
6,CR,5,30000000.0,184,185
6,CR,5,30000000.0,198,28
6,CR,5,30000000.0,40,48
6,CR,5,30000000.0,123,217
6,CR,5,30000000.0,64,214
6,CR,5,30000000.0,129,234
6,CR,5,30000000.0,202,48
6,CR,5,30000000.0,195,145
6,CR,5,30000000.0,11,51
6,CR,5,30000000.0,100,72
6,CR,5,30000000.0,136,35
6,CR,5,30000000.0,29,185
6,CR,5,30000000.0,247,90
6,CR,5,30000000.0,129,106
6,CR,5,30000000.0,163,182
6,CR,5,30000000.0,231,237
6,CR,5,30000000.0,40,60
6,CR,5,30000000.0,105,200
6,CR,5,30000000.0,173,44
6,CR,5,30000000.0,207,228
6,CR,5,30000000.0,104,32
6,CR,5,30000000.0,205,9
6,CR,5,30000000.0,57,29
6,CR,5,30000000.0,149,105
6,CR,5,30000000.0,195,48
6,CR,5,30000000.0,193,130
6,CR,5,30000000.0,215,157
6,CR,5,30000000.0,160,141
6,CR,5,30000000.0,46,18
6,CR,5,30000000.0,93,68
6,CR,5,30000000.0,17,104
6,CR,5,30000000.0,200,112
6,CR,5,30000000.0,99,215
6,CR,5,30000000.0,227,45
6,CR,5,30000000.0,36,113
6,CR,5,30000000.0,100,5
6,CR,5,30000000.0,148,17
6,CR,5,30000000.0,185,162
6,CR,5,30000000.0,152,98
6,CR,5,30000000.0,108,224
6,CR,5,30000000.0,26,12
6,CR,5,30000000.0,27,137
6,CR,5,30000000.0,194,118
6,CR,5,30000000.0,104,130
6,CR,5,30000000.0,13,92
6,CR,5,30000000.0,118,78
6,CR,5,30000000.0,48,221
6,CR,5,30000000.0,246,247
6,CR,5,30000000.0,27,238
6,CR,5,30000000.0,95,178
6,CR,5,30000000.0,7,217
6,CR,5,30000000.0,210,205
6,CR,5,30000000.0,155,134
6,CR,5,30000000.0,249,115
6,CR,5,30000000.0,155,166
6,CR,5,30000000.0,223,246
6,CR,5,30000000.0,10,61
6,CR,5,30000000.0,94,71
6,CR,5,30000000.0,193,215
6,CR,5,30000000.0,12,81
6,CR,5,30000000.0,176,196
6,CR,5,30000000.0,29,202
6,CR,5,30000000.0,33,65
6,CR,5,30000000.0,18,91
6,CR,5,30000000.0,132,147
6,CR,5,30000000.0,212,220
6,CR,5,30000000.0,171,138
6,CR,5,30000000.0,113,77
6,CR,5,30000000.0,235,122
6,CR,5,30000000.0,121,114
6,CR,5,30000000.0,62,25
6,CR,5,30000000.0,121,225
6,CR,5,30000000.0,221,97
6,CR,5,30000000.0,221,106
6,CR,5,30000000.0,178,68
6,CR,5,30000000.0,210,149
6,CR,5,30000000.0,185,164
6,CR,5,30000000.0,112,234
6,CR,5,30000000.0,49,191
6,CR,5,30000000.0,110,52
6,CR,5,30000000.0,219,90
6,CR,5,30000000.0,177,41
6,CR,5,30000000.0,130,213
6,CR,5,30000000.0,116,253
6,CR,5,30000000.0,11,105
6,CR,5,30000000.0,136,103
6,CR,5,30000000.0,117,182
6,CR,5,30000000.0,198,116
6,CR,5,30000000.0,185,238
6,CR,5,30000000.0,198,78
6,CR,5,30000000.0,220,77
6,CR,5,30000000.0,153,178
6,CR,5,30000000.0,67,214
6,CR,5,30000000.0,186,67
6,CR,5,30000000.0,121,8
6,CR,5,30000000.0,186,254
6,CR,5,30000000.0,22,34
6,CR,5,30000000.0,29,206
6,CR,5,30000000.0,93,180
6,CR,5,30000000.0,14,116
6,CR,5,30000000.0,43,172
6,CR,5,30000000.0,6,243
6,CR,5,30000000.0,60,42
6,CR,5,30000000.0,212,46
6,CR,5,30000000.0,126,75
6,CR,5,30000000.0,171,170
6,CR,5,30000000.0,82,224
6,CR,5,30000000.0,94,238
6,CR,5,30000000.0,93,126
6,CR,5,30000000.0,216,209
6,CR,5,30000000.0,106,169
6,CR,5,30000000.0,234,201
6,CR,5,30000000.0,216,228
6,CR,5,30000000.0,238,194
6,CR,5,30000000.0,201,5
6,CR,5,30000000.0,226,154
6,CR,5,30000000.0,194,44
6,CR,5,30000000.0,206,215
6,CR,5,30000000.0,221,181
6,CR,5,30000000.0,198,65
6,CR,5,30000000.0,104,148
6,CR,5,30000000.0,89,55
6,CR,5,30000000.0,55,245
6,CR,5,30000000.0,130,225
6,CR,5,30000000.0,15,83
6,CR,5,30000000.0,113,179
6,CR,5,30000000.0,221,169
6,CR,5,30000000.0,51,188
6,CR,5,30000000.0,108,30
6,CR,5,30000000.0,74,25
6,CR,5,30000000.0,134,138
6,CR,5,30000000.0,51,23
6,CR,5,30000000.0,9,137
6,CR,5,30000000.0,251,106
6,CR,5,30000000.0,86,177
6,CR,5,30000000.0,12,251
6,CR,5,30000000.0,225,5
6,CR,5,30000000.0,156,147
6,CR,5,30000000.0,168,251
6,CR,5,30000000.0,167,36
6,CR,5,30000000.0,120,216
6,CR,5,30000000.0,199,61
6,CR,5,30000000.0,223,80
6,CR,5,30000000.0,7,89
6,CR,5,30000000.0,124,205
6,CR,5,30000000.0,207,4
6,CR,5,30000000.0,3,176
6,CR,5,30000000.0,51,127
6,CR,5,30000000.0,198,44
6,CR,5,30000000.0,68,77
6,CR,5,30000000.0,44,182
6,CR,5,30000000.0,167,165
6,CR,5,30000000.0,45,163
6,CR,5,30000000.0,37,28
6,CR,5,30000000.0,237,38
6,CR,5,30000000.0,175,38
6,CR,5,30000000.0,26,229
6,CR,5,30000000.0,242,222
6,CR,5,30000000.0,62,253
6,CR,5,30000000.0,65,92
6,CR,5,30000000.0,145,109
6,CR,5,30000000.0,147,91
6,CR,5,30000000.0,219,42
6,CR,5,30000000.0,69,178
6,CR,5,30000000.0,231,110
6,CR,5,30000000.0,24,58
6,CR,5,30000000.0,11,214
6,CR,5,30000000.0,203,221
6,CR,5,30000000.0,105,108
6,CR,5,30000000.0,63,43
6,CR,5,30000000.0,36,246
6,CR,5,30000000.0,163,3
6,CR,5,30000000.0,132,125
6,CR,5,30000000.0,36,190
6,CR,5,30000000.0,62,253
6,CR,5,30000000.0,234,229
6,CR,5,30000000.0,7,7
6,CR,5,30000000.0,117,30
6,CR,5,30000000.0,2,97
6,CR,5,30000000.0,23,119
6,CR,5,30000000.0,29,183
6,CR,5,30000000.0,52,46
6,CR,5,30000000.0,255,99
6,CR,5,30000000.0,129,88
6,CR,5,30000000.0,134,195
6,CR,5,30000000.0,79,137
6,CR,5,30000000.0,89,98
6,CR,5,30000000.0,73,144
6,CR,5,30000000.0,172,180
6,CR,5,30000000.0,8,227
6,CR,5,30000000.0,94,240
6,CR,5,30000000.0,139,144
6,CR,5,30000000.0,220,207
6,CR,5,30000000.0,46,249
6,CR,5,30000000.0,134,204
6,CR,5,30000000.0,75,208
6,CR,5,30000000.0,142,5
6,CR,5,30000000.0,174,198
6,CR,5,30000000.0,147,189
6,CR,5,30000000.0,178,144
6,CR,5,30000000.0,179,170
6,CR,5,30000000.0,3,205
6,CR,5,30000000.0,176,228
6,CR,5,30000000.0,93,88
6,CR,5,30000000.0,166,219
6,CR,5,30000000.0,215,185
6,CR,5,30000000.0,69,169
6,CR,5,30000000.0,49,145
6,CR,5,30000000.0,129,209
6,CR,5,30000000.0,184,138
6,CR,5,30000000.0,71,207
6,CR,5,30000000.0,17,35
6,CR,5,30000000.0,193,160
6,CR,5,30000000.0,254,142
6,CR,5,30000000.0,176,39
6,CR,5,30000000.0,93,78
6,CR,5,30000000.0,222,212
6,CR,5,30000000.0,243,131
6,CR,5,30000000.0,181,159
6,CR,5,30000000.0,223,235
6,CR,5,30000000.0,84,10
6,CR,5,30000000.0,84,147
6,CR,5,30000000.0,188,93
6,CR,5,30000000.0,251,237
6,CR,5,30000000.0,83,89
6,CR,5,30000000.0,116,213
6,CR,5,30000000.0,109,229
6,CR,5,30000000.0,206,32
6,CR,5,30000000.0,158,115
6,CR,5,30000000.0,43,200
6,CR,5,30000000.0,249,218
6,CR,5,30000000.0,169,80
6,CR,5,30000000.0,237,245
6,CR,5,30000000.0,173,130
6,CR,5,30000000.0,84,23
6,CR,5,30000000.0,204,55
6,CR,5,30000000.0,45,255
6,CR,5,30000000.0,32,167
6,CR,5,30000000.0,88,191
6,CR,5,30000000.0,150,83
6,CR,5,30000000.0,43,13
6,CR,5,30000000.0,149,103
6,CR,5,30000000.0,129,177
6,CR,5,30000000.0,205,101
6,CR,5,30000000.0,216,3
6,CR,5,30000000.0,165,68
6,CR,5,30000000.0,173,100
6,CR,5,30000000.0,128,15
6,CR,5,30000000.0,51,124
6,CR,5,30000000.0,59,184
6,CR,5,30000000.0,141,48
6,CR,5,30000000.0,131,73
6,CR,5,30000000.0,165,11
6,CR,5,30000000.0,199,94
6,CR,5,30000000.0,75,132
6,CR,5,30000000.0,138,155
6,CR,5,30000000.0,70,205
6,CR,5,30000000.0,202,5
6,CR,5,30000000.0,124,134
6,CR,5,30000000.0,60,202
6,CR,5,30000000.0,64,186
6,CR,5,30000000.0,116,109
6,CR,5,30000000.0,54,115
6,CR,5,30000000.0,39,205
6,CR,5,30000000.0,45,211
6,CR,5,30000000.0,169,123
6,CR,5,30000000.0,125,187
6,CR,5,30000000.0,51,47
6,CR,5,30000000.0,187,192
6,CR,5,30000000.0,13,245
6,CR,5,30000000.0,220,8
6,CR,5,30000000.0,102,121
6,CR,5,30000000.0,92,191
6,CR,5,30000000.0,110,212
6,CR,5,30000000.0,64,77
6,CR,5,30000000.0,245,80
6,CR,5,30000000.0,152,150
6,CR,5,30000000.0,52,150
6,CR,5,30000000.0,180,23
6,CR,5,30000000.0,140,143
6,CR,5,30000000.0,29,150
6,CR,5,30000000.0,249,25
6,CR,5,30000000.0,45,230
6,CR,5,30000000.0,222,16
6,CR,5,30000000.0,133,164
6,CR,5,30000000.0,218,36
6,CR,5,30000000.0,52,26
6,CR,5,30000000.0,244,74
6,CR,5,30000000.0,148,71
6,CR,5,30000000.0,250,228
6,CR,5,30000000.0,158,218
6,CR,5,30000000.0,18,229
6,CR,5,30000000.0,52,31
6,CR,5,30000000.0,183,223
6,CR,5,30000000.0,94,21
6,CR,5,30000000.0,160,188
6,CR,5,30000000.0,232,192
6,CR,5,30000000.0,0,140
6,CR,5,30000000.0,207,84
6,CR,5,30000000.0,158,65
6,CR,5,30000000.0,3,155
6,CR,5,30000000.0,155,210
6,CR,5,30000000.0,79,57
6,CR,5,30000000.0,228,33
6,CR,5,30000000.0,216,139
6,CR,5,30000000.0,91,216
6,CR,5,30000000.0,102,17
6,CR,5,30000000.0,217,176
6,CR,5,30000000.0,168,13
6,CR,5,30000000.0,114,90
6,CR,5,30000000.0,221,205
6,CR,5,30000000.0,236,137
6,CR,5,30000000.0,247,71
6,CR,5,30000000.0,196,10
6,CR,5,30000000.0,58,227
6,CR,5,30000000.0,238,165
6,CR,5,30000000.0,94,167
6,CR,5,30000000.0,244,131
6,CR,5,30000000.0,53,111
6,CR,5,30000000.0,101,240
6,CR,5,30000000.0,19,201
6,CR,5,30000000.0,246,25
6,CR,5,30000000.0,220,234
6,CR,5,30000000.0,129,227
6,CR,5,30000000.0,194,123
6,CR,5,30000000.0,47,126
6,CR,5,30000000.0,11,196
6,CR,5,30000000.0,170,132
6,CR,5,30000000.0,115,143
6,CR,5,30000000.0,237,171
6,CR,5,30000000.0,26,195
6,CR,5,30000000.0,181,213
6,CR,5,30000000.0,116,159
6,CR,5,30000000.0,78,126
6,CR,5,30000000.0,6,241
6,CR,5,30000000.0,156,47
6,CR,5,30000000.0,242,90
6,CR,5,30000000.0,42,243
6,CR,5,30000000.0,112,161
6,CR,5,30000000.0,207,75
6,CR,5,30000000.0,254,224
6,CR,5,30000000.0,50,228
6,CR,5,30000000.0,19,158
6,CR,5,30000000.0,243,205
6,CR,5,30000000.0,197,83
6,CR,5,30000000.0,123,252
6,CR,5,30000000.0,226,166
6,CR,5,30000000.0,44,87
6,CR,5,30000000.0,146,247
6,CR,5,30000000.0,206,90
6,CR,5,30000000.0,226,112
6,CR,5,30000000.0,2,199
6,CR,5,30000000.0,63,103
6,CR,5,30000000.0,171,141
6,CR,5,30000000.0,12,46
6,CR,5,30000000.0,57,199
6,CR,5,30000000.0,157,80
6,CR,5,30000000.0,120,47
6,CR,5,30000000.0,43,187
6,CR,5,30000000.0,149,132
6,CR,5,30000000.0,247,96
6,CR,5,30000000.0,206,245
6,CR,5,30000000.0,250,157
6,CR,5,30000000.0,142,133
6,CR,5,30000000.0,239,124
6,CR,5,30000000.0,220,91
6,CR,5,30000000.0,181,55
6,CR,5,30000000.0,238,9
6,CR,5,30000000.0,151,186
6,CR,5,30000000.0,209,29
6,CR,5,30000000.0,58,152
6,CR,5,30000000.0,69,152
6,CR,5,30000000.0,9,118
6,CR,5,30000000.0,107,51
6,CR,5,30000000.0,78,23
6,CR,5,30000000.0,1,38
6,CR,5,30000000.0,203,125
6,CR,5,30000000.0,150,8
6,CR,5,30000000.0,150,249
6,CR,5,30000000.0,112,236
6,CR,5,30000000.0,228,6
6,CR,5,30000000.0,214,238
6,CR,5,30000000.0,141,225
6,CR,5,30000000.0,176,67
6,CR,5,30000000.0,174,164
6,CR,5,30000000.0,12,35
6,CR,5,30000000.0,184,163
6,CR,5,30000000.0,19,115
6,CR,5,30000000.0,196,130
6,CR,5,30000000.0,109,179
6,CR,5,30000000.0,77,13
6,CR,5,30000000.0,69,38
6,CR,5,30000000.0,103,53
6,CR,5,30000000.0,157,191
6,CR,5,30000000.0,173,165
6,CR,5,30000000.0,11,95
6,CR,5,30000000.0,105,12
6,CR,5,30000000.0,121,146
6,CR,5,30000000.0,166,143
6,CR,5,30000000.0,16,161
6,CR,5,30000000.0,230,65
6,CR,5,30000000.0,242,121
6,CR,5,30000000.0,178,59
6,CR,5,30000000.0,251,243
6,CR,5,30000000.0,182,152
6,CR,5,30000000.0,144,216
6,CR,5,30000000.0,222,58
6,CR,5,30000000.0,204,63
6,CR,5,30000000.0,183,73
6,CR,5,30000000.0,36,166
6,CR,5,30000000.0,50,67
6,CR,5,30000000.0,197,23
6,CR,5,30000000.0,47,191
6,CR,5,30000000.0,176,135
6,CR,5,30000000.0,79,247
6,CR,5,30000000.0,244,236
6,CR,5,30000000.0,205,8
6,CR,5,30000000.0,38,74
6,CR,5,30000000.0,218,77
6,CR,5,30000000.0,133,249
6,CR,5,30000000.0,90,41
6,CR,5,30000000.0,135,82
6,CR,5,30000000.0,117,12
6,CR,5,30000000.0,177,136
6,CR,5,30000000.0,106,4
6,CR,5,30000000.0,163,177
6,CR,5,30000000.0,172,58
6,CR,5,30000000.0,24,178
6,CR,5,30000000.0,61,120
6,CR,5,30000000.0,198,244
6,CR,5,30000000.0,193,159
6,CR,5,30000000.0,123,217
6,CR,5,30000000.0,118,116
6,CR,5,30000000.0,98,160
6,CR,5,30000000.0,99,205
6,CR,5,30000000.0,111,165
6,CR,5,30000000.0,83,75
6,CR,5,30000000.0,17,226
6,CR,5,30000000.0,138,108
6,CR,5,30000000.0,232,163
6,CR,5,30000000.0,221,205
6,CR,5,30000000.0,28,8
6,CR,5,30000000.0,128,203
6,CR,5,30000000.0,154,90
6,CR,5,30000000.0,139,181
6,CR,5,30000000.0,120,221
6,CR,5,30000000.0,75,73
6,CR,5,30000000.0,95,8
6,CR,5,30000000.0,212,14
6,CR,5,30000000.0,25,102
6,CR,5,30000000.0,146,23
6,CR,5,30000000.0,206,17
6,CR,5,30000000.0,227,34
6,CR,5,30000000.0,239,125
6,CR,5,30000000.0,41,194
6,CR,5,30000000.0,181,80
6,CR,5,30000000.0,36,241
6,CR,5,30000000.0,239,212
6,CR,5,30000000.0,10,127
6,CR,5,30000000.0,154,198
6,CR,5,30000000.0,30,245
6,CR,5,30000000.0,40,70
6,CR,5,30000000.0,20,118
6,CR,5,30000000.0,189,5
6,CR,5,30000000.0,67,162
6,CR,5,30000000.0,183,24
6,CR,5,30000000.0,104,222
6,CR,5,30000000.0,52,39
6,CR,5,30000000.0,62,199
6,CR,5,30000000.0,123,91
6,CR,5,30000000.0,231,186
6,CR,5,30000000.0,56,200
6,CR,5,30000000.0,165,206
6,CR,5,30000000.0,115,208
6,CR,5,30000000.0,244,57
6,CR,5,30000000.0,205,117
6,CR,5,30000000.0,1,110
6,CR,5,30000000.0,22,185
6,CR,5,32000,17,25
6,CR,5,32000,111,254
6,CR,5,32000,2,1
6,CR,5,32000,24,255
6,CR,5,32000,199,243
6,CR,5,32000,65,157
6,CR,5,32000,119,177
6,CR,5,32000,33,82
6,CR,5,32000,15,43
6,CR,5,32000,91,65
6,CR,5,32000,113,31
6,CR,5,32000,145,196
6,CR,5,32000,29,242
6,CR,5,32000,7,221
6,CR,5,32000,245,87
6,CR,5,32000,41,120
6,CR,5,32000,51,219
6,CR,5,32000,20,119
6,CR,5,32000,212,107
6,CR,5,32000,37,51
6,CR,5,32000,28,41
6,CR,5,32000,156,241
6,CR,5,32000,6,101
6,CR,5,32000,68,189
6,CR,5,32000,111,146
6,CR,5,32000,47,104
6,CR,5,32000,128,28
6,CR,5,32000,80,46
6,CR,5,32000,198,203
6,CR,5,32000,53,129
6,CR,5,32000,100,161
6,CR,5,32000,142,203
6,CR,5,32000,116,85
6,CR,5,32000,130,164
6,CR,5,32000,91,183
6,CR,5,32000,210,39
6,CR,5,32000,252,165
6,CR,5,32000,35,127
6,CR,5,32000,28,179
6,CR,5,32000,224,211
6,CR,5,32000,212,30
6,CR,5,32000,110,106
6,CR,5,32000,131,107
6,CR,5,32000,177,11
6,CR,5,32000,103,100
6,CR,5,32000,137,159
6,CR,5,32000,221,140
6,CR,5,32000,103,19
6,CR,5,32000,255,13
6,CR,5,32000,107,71
6,CR,5,32000,174,175
6,CR,5,32000,49,18
6,CR,5,32000,147,84
6,CR,5,32000,190,84
6,CR,5,32000,25,163
6,CR,5,32000,199,35
6,CR,5,32000,236,38
6,CR,5,32000,42,161
6,CR,5,32000,138,107
6,CR,5,32000,25,153
6,CR,5,32000,164,212
6,CR,5,32000,243,117
6,CR,5,32000,24,176
6,CR,5,32000,181,207
6,CR,5,32000,1,175
6,CR,5,32000,151,239
6,CR,5,32000,61,123
6,CR,5,32000,56,205
6,CR,5,32000,141,188
6,CR,5,32000,117,158
6,CR,5,32000,225,163
6,CR,5,32000,118,30
6,CR,5,32000,45,43
6,CR,5,32000,26,254
6,CR,5,32000,173,123
6,CR,5,32000,131,1
6,CR,5,32000,74,215
6,CR,5,32000,15,171
6,CR,5,32000,120,181
6,CR,5,32000,180,236
6,CR,5,32000,76,144
6,CR,5,32000,181,156
6,CR,5,32000,208,239
6,CR,5,32000,12,33
6,CR,5,32000,197,154
6,CR,5,32000,154,202
6,CR,5,32000,234,142
6,CR,5,32000,206,206
6,CR,5,32000,153,167
6,CR,5,32000,240,95
6,CR,5,32000,83,34
6,CR,5,32000,122,42
6,CR,5,32000,204,120
6,CR,5,32000,141,103
6,CR,5,32000,37,166
6,CR,5,32000,193,240
6,CR,5,32000,194,155
6,CR,5,32000,135,86
6,CR,5,32000,13,138
6,CR,5,32000,238,107
6,CR,5,32000,224,208
6,CR,5,32000,181,166
6,CR,5,32000,225,132
6,CR,5,32000,54,22
6,CR,5,32000,161,47
6,CR,5,32000,98,111
6,CR,5,32000,49,15
6,CR,5,32000,216,140
6,CR,5,32000,85,37
6,CR,5,32000,47,253
6,CR,5,32000,221,117
6,CR,5,32000,198,183
6,CR,5,32000,32,106
6,CR,5,32000,159,10
6,CR,5,32000,122,198
6,CR,5,32000,80,105
6,CR,5,32000,211,253
6,CR,5,32000,204,253
6,CR,5,32000,80,222
6,CR,5,32000,25,171
6,CR,5,32000,152,175
6,CR,5,32000,47,135
6,CR,5,32000,114,145
6,CR,5,32000,135,34
6,CR,5,32000,4,45
6,CR,5,32000,89,54
6,CR,5,32000,205,232
6,CR,5,32000,245,213
6,CR,5,32000,170,212
6,CR,5,32000,36,87
6,CR,5,32000,226,63
6,CR,5,32000,252,222
6,CR,5,32000,142,246
6,CR,5,32000,140,122
6,CR,5,32000,188,152
6,CR,5,32000,14,129
6,CR,5,32000,93,127
6,CR,5,32000,207,79
6,CR,5,32000,147,35
6,CR,5,32000,252,103
6,CR,5,32000,69,81
6,CR,5,32000,244,233
6,CR,5,32000,155,185
6,CR,5,32000,150,220
6,CR,5,32000,155,184
6,CR,5,32000,238,68
6,CR,5,32000,167,78
6,CR,5,32000,32,163
6,CR,5,32000,236,92
6,CR,5,32000,171,108
6,CR,5,32000,28,193
6,CR,5,32000,56,136
6,CR,5,32000,162,17
6,CR,5,32000,139,230
6,CR,5,32000,86,12
6,CR,5,32000,253,173
6,CR,5,32000,105,90
6,CR,5,32000,0,40
6,CR,5,32000,78,65
6,CR,5,32000,126,77
6,CR,5,32000,38,159
6,CR,5,32000,188,119
6,CR,5,32000,167,103
6,CR,5,32000,19,35
6,CR,5,32000,138,122
6,CR,5,32000,83,132
6,CR,5,32000,158,19
6,CR,5,32000,182,137
6,CR,5,32000,188,203
6,CR,5,32000,19,192
6,CR,5,32000,184,84
6,CR,5,32000,227,2
6,CR,5,32000,50,62
6,CR,5,32000,73,200
6,CR,5,32000,187,227
6,CR,5,32000,93,130
6,CR,5,32000,183,97
6,CR,5,32000,58,176
6,CR,5,32000,173,15
6,CR,5,32000,59,118
6,CR,5,32000,79,63
6,CR,5,32000,75,147
6,CR,5,32000,207,57
6,CR,5,32000,143,247
6,CR,5,32000,180,2
6,CR,5,32000,146,208
6,CR,5,32000,198,230
6,CR,5,32000,219,132
6,CR,5,32000,71,182
6,CR,5,32000,231,178
6,CR,5,32000,43,233
6,CR,5,32000,201,109
6,CR,5,32000,218,66
6,CR,5,32000,185,187
6,CR,5,32000,163,227
6,CR,5,32000,67,20
6,CR,5,32000,178,63
6,CR,5,32000,58,156
6,CR,5,32000,251,203
6,CR,5,32000,163,129
6,CR,5,32000,44,59
6,CR,5,32000,208,106
6,CR,5,32000,241,26
6,CR,5,32000,234,124
6,CR,5,32000,254,134
6,CR,5,32000,207,220
6,CR,5,32000,240,52
6,CR,5,32000,49,207
6,CR,5,32000,223,7
6,CR,5,32000,242,189
6,CR,5,32000,100,112
6,CR,5,32000,213,120
6,CR,5,32000,36,191
6,CR,5,32000,35,149
6,CR,5,32000,110,143
6,CR,5,32000,125,84
6,CR,5,32000,202,0
6,CR,5,32000,173,79
6,CR,5,32000,57,255
6,CR,5,32000,157,170
6,CR,5,32000,163,184
6,CR,5,32000,73,171
6,CR,5,32000,116,205
6,CR,5,32000,212,186
6,CR,5,32000,226,47
6,CR,5,32000,141,158
6,CR,5,32000,240,44
6,CR,5,32000,197,189
6,CR,5,32000,64,95
6,CR,5,32000,90,154
6,CR,5,32000,52,0
6,CR,5,32000,87,173
6,CR,5,32000,21,224
6,CR,5,32000,154,225
6,CR,5,32000,36,108
6,CR,5,32000,236,29
6,CR,5,32000,240,115
6,CR,5,32000,245,77
6,CR,5,32000,228,229
6,CR,5,32000,155,25
6,CR,5,32000,76,105
6,CR,5,32000,90,100
6,CR,5,32000,225,160
6,CR,5,32000,161,6
6,CR,5,32000,111,37
6,CR,5,32000,190,156
6,CR,5,32000,69,162
6,CR,5,32000,17,175
6,CR,5,32000,72,31
6,CR,5,32000,150,164
6,CR,5,32000,105,197
6,CR,5,32000,148,40
6,CR,5,32000,64,94
6,CR,5,32000,189,166
6,CR,5,32000,93,25
6,CR,5,32000,7,103
6,CR,5,32000,146,120
6,CR,5,32000,211,148
6,CR,5,32000,83,199
6,CR,5,32000,48,134
6,CR,5,32000,139,159
6,CR,5,32000,112,177
6,CR,5,32000,252,116
6,CR,5,32000,191,77
6,CR,5,32000,184,134
6,CR,5,32000,189,147
6,CR,5,32000,120,176
6,CR,5,32000,9,208
6,CR,5,32000,190,79
6,CR,5,32000,18,105
6,CR,5,32000,28,89
6,CR,5,32000,79,230
6,CR,5,32000,29,117
6,CR,5,32000,77,39
6,CR,5,32000,208,86
6,CR,5,32000,43,177
6,CR,5,32000,205,207
6,CR,5,32000,78,100
6,CR,5,32000,77,44
6,CR,5,32000,236,172
6,CR,5,32000,130,137
6,CR,5,32000,104,156
6,CR,5,32000,185,85
6,CR,5,32000,13,132
6,CR,5,32000,44,118
6,CR,5,32000,23,190
6,CR,5,32000,23,242
6,CR,5,32000,217,128
6,CR,5,32000,87,245
6,CR,5,32000,94,10
6,CR,5,32000,38,5
6,CR,5,32000,186,120
6,CR,5,32000,193,219
6,CR,5,32000,62,246
6,CR,5,32000,79,244
6,CR,5,32000,157,49
6,CR,5,32000,164,120
6,CR,5,32000,34,50
6,CR,5,32000,170,124
6,CR,5,32000,69,233
6,CR,5,32000,34,109
6,CR,5,32000,66,194
6,CR,5,32000,203,175
6,CR,5,32000,28,231
6,CR,5,32000,189,203
6,CR,5,32000,104,22
6,CR,5,32000,105,49
6,CR,5,32000,181,177
6,CR,5,32000,91,141
6,CR,5,32000,248,155
6,CR,5,32000,49,147
6,CR,5,32000,80,186
6,CR,5,32000,62,238
6,CR,5,32000,245,133
6,CR,5,32000,85,32
6,CR,5,32000,13,69
6,CR,5,32000,115,142
6,CR,5,32000,76,129
6,CR,5,32000,3,57
6,CR,5,32000,120,103
6,CR,5,32000,50,125
6,CR,5,32000,60,77
6,CR,5,32000,194,190
6,CR,5,32000,198,221
6,CR,5,32000,99,113
6,CR,5,32000,98,75
6,CR,5,32000,43,253
6,CR,5,32000,166,124
6,CR,5,32000,208,127
6,CR,5,32000,203,3
6,CR,5,32000,191,76
6,CR,5,32000,107,92
6,CR,5,32000,147,55
6,CR,5,32000,60,94
6,CR,5,32000,151,16
6,CR,5,32000,13,190
6,CR,5,32000,133,37
6,CR,5,32000,58,42
6,CR,5,32000,200,83
6,CR,5,32000,101,210
6,CR,5,32000,237,7
6,CR,5,32000,249,58
6,CR,5,32000,17,20
6,CR,5,32000,29,220
6,CR,5,32000,202,179
6,CR,5,32000,91,224
6,CR,5,32000,60,144
6,CR,5,32000,151,197
6,CR,5,32000,17,140
6,CR,5,32000,198,135
6,CR,5,32000,209,8
6,CR,5,32000,185,109
6,CR,5,32000,164,3
6,CR,5,32000,194,198
6,CR,5,32000,13,163
6,CR,5,32000,23,20
6,CR,5,32000,187,16
6,CR,5,32000,105,164
6,CR,5,32000,76,162
6,CR,5,32000,144,187
6,CR,5,32000,23,66
6,CR,5,32000,87,211
6,CR,5,32000,66,78
6,CR,5,32000,58,191
6,CR,5,32000,10,219
6,CR,5,32000,186,33
6,CR,5,32000,62,37
6,CR,5,32000,221,227
6,CR,5,32000,171,213
6,CR,5,32000,251,4
6,CR,5,32000,129,29
6,CR,5,32000,189,68
6,CR,5,32000,115,196
6,CR,5,32000,92,134
6,CR,5,32000,135,167
6,CR,5,32000,138,94
6,CR,5,32000,109,140
6,CR,5,32000,14,126
6,CR,5,32000,18,49
6,CR,5,32000,47,219
6,CR,5,32000,109,14
6,CR,5,32000,26,166
6,CR,5,32000,163,121
6,CR,5,32000,11,89
6,CR,5,32000,206,53
6,CR,5,32000,232,49
6,CR,5,32000,124,125
6,CR,5,32000,17,136
6,CR,5,32000,15,21
6,CR,5,32000,152,19
6,CR,5,32000,21,107
6,CR,5,32000,141,115
6,CR,5,32000,110,144
6,CR,5,32000,210,112
6,CR,5,32000,214,106
6,CR,5,32000,198,228
6,CR,5,32000,158,65
6,CR,5,32000,215,201
6,CR,5,32000,8,51
6,CR,5,32000,157,130
6,CR,5,32000,132,49
6,CR,5,32000,104,179
6,CR,5,32000,28,101
6,CR,5,32000,12,145
6,CR,5,32000,207,146
6,CR,5,32000,158,241
6,CR,5,32000,199,88
6,CR,5,32000,220,205
6,CR,5,32000,103,41
6,CR,5,32000,32,109
6,CR,5,32000,179,160
6,CR,5,32000,82,32
6,CR,5,32000,95,40
6,CR,5,32000,93,107
6,CR,5,32000,19,54
6,CR,5,32000,246,131
6,CR,5,32000,45,254
6,CR,5,32000,40,131
6,CR,5,32000,103,52
6,CR,5,32000,232,114
6,CR,5,32000,19,82
6,CR,5,32000,72,50
6,CR,5,32000,133,145
6,CR,5,32000,185,55
6,CR,5,32000,78,139
6,CR,5,32000,170,201
6,CR,5,32000,215,255
6,CR,5,32000,101,198
6,CR,5,32000,26,109
6,CR,5,32000,49,239
6,CR,5,32000,151,144
6,CR,5,32000,46,77
6,CR,5,32000,53,132
6,CR,5,32000,111,93
6,CR,5,32000,113,136
6,CR,5,32000,13,251
6,CR,5,32000,249,82
6,CR,5,32000,254,126
6,CR,5,32000,177,33
6,CR,5,32000,16,9
6,CR,5,32000,4,138
6,CR,5,32000,61,30
6,CR,5,32000,121,112
6,CR,5,32000,199,5
6,CR,5,32000,215,244
6,CR,5,32000,75,172
6,CR,5,32000,174,159
6,CR,5,32000,152,8
6,CR,5,32000,66,128
6,CR,5,32000,36,23
6,CR,5,32000,197,145
6,CR,5,32000,124,64
6,CR,5,32000,200,240
6,CR,5,32000,28,46
6,CR,5,32000,191,145
6,CR,5,32000,110,129
6,CR,5,32000,181,247
6,CR,5,32000,139,200
6,CR,5,32000,157,13
6,CR,5,32000,186,202
6,CR,5,32000,198,105
6,CR,5,32000,194,200
6,CR,5,32000,91,131
6,CR,5,32000,89,218
6,CR,5,32000,247,30
6,CR,5,32000,52,198
6,CR,5,32000,120,208
6,CR,5,32000,249,200
6,CR,5,32000,194,79
6,CR,5,32000,95,235
6,CR,5,32000,204,0
6,CR,5,32000,140,188
6,CR,5,32000,92,64
6,CR,5,32000,43,225
6,CR,5,32000,89,218
6,CR,5,32000,150,163
6,CR,5,32000,242,54
6,CR,5,32000,9,122
6,CR,5,32000,199,80
6,CR,5,32000,42,223
6,CR,5,32000,160,123
6,CR,5,32000,77,89
6,CR,5,32000,235,99
6,CR,5,32000,3,201
6,CR,5,32000,130,238
6,CR,5,32000,41,235
6,CR,5,32000,182,120
6,CR,5,32000,237,94
6,CR,5,32000,66,233
6,CR,5,32000,185,154
6,CR,5,32000,82,247
6,CR,5,32000,22,7
6,CR,5,32000,129,47
6,CR,5,32000,219,242
6,CR,5,32000,232,211
6,CR,5,32000,189,213
6,CR,5,32000,65,191
6,CR,5,32000,234,245
6,CR,5,32000,46,97
6,CR,5,32000,186,126
6,CR,5,32000,69,176
6,CR,5,32000,4,236
6,CR,5,32000,74,106
6,CR,5,32000,180,119
6,CR,5,32000,83,222
6,CR,5,32000,209,95
6,CR,5,32000,189,58
6,CR,5,32000,77,187
6,CR,5,32000,35,42
6,CR,5,32000,160,108
6,CR,5,32000,195,130
6,CR,5,32000,193,90
6,CR,5,32000,95,106
6,CR,5,32000,236,31
6,CR,5,32000,70,87
6,CR,5,32000,19,166
6,CR,5,32000,1,214
6,CR,5,32000,223,189
6,CR,5,32000,157,239
6,CR,5,32000,153,232
6,CR,5,32000,221,171
6,CR,5,32000,6,220
6,CR,5,32000,203,112
6,CR,5,32000,205,124
6,CR,5,32000,238,40
6,CR,5,32000,6,226
6,CR,5,32000,231,150
6,CR,5,32000,104,142
6,CR,5,32000,76,191
6,CR,5,32000,163,138
6,CR,5,32000,201,73
6,CR,5,32000,189,11
6,CR,5,32000,166,27
6,CR,5,32000,199,160
6,CR,5,32000,212,151
6,CR,5,32000,111,89
6,CR,5,32000,192,106
6,CR,5,32000,63,208
6,CR,5,32000,164,45
6,CR,5,32000,250,75
6,CR,5,32000,174,205
6,CR,5,32000,241,5
6,CR,5,32000,120,1
6,CR,5,32000,80,14
6,CR,5,32000,13,207
6,CR,5,32000,132,34
6,CR,5,32000,114,197
6,CR,5,32000,174,217
6,CR,5,32000,147,97
6,CR,5,32000,149,132
6,CR,5,32000,7,220
6,CR,5,32000,223,160
6,CR,5,32000,94,25
6,CR,5,32000,189,236
6,CR,5,32000,121,15
6,CR,5,32000,50,7
6,CR,5,32000,17,246
6,CR,5,32000,70,43
6,CR,5,32000,156,180
6,CR,5,32000,241,205
6,CR,5,32000,208,222
6,CR,5,32000,80,173
6,CR,5,32000,96,191
6,CR,5,32000,246,93
6,CR,5,32000,78,77
6,CR,5,32000,219,117
6,CR,5,32000,98,58
6,CR,5,32000,65,175
6,CR,5,32000,114,63
6,CR,5,32000,174,78
6,CR,5,32000,73,231
6,CR,5,32000,24,107
6,CR,5,32000,4,248
6,CR,5,32000,41,77
6,CR,5,32000,86,215
6,CR,5,32000,40,38
6,CR,5,32000,3,115
6,CR,5,32000,130,56
6,CR,5,32000,100,52
6,CR,5,32000,23,52
6,CR,5,32000,220,191
6,CR,5,32000,32,226
6,CR,5,32000,231,249
6,CR,5,32000,163,212
6,CR,5,32000,138,102
6,CR,5,32000,128,157
6,CR,5,32000,221,38
6,CR,5,32000,61,67
6,CR,5,32000,107,53
6,CR,5,32000,169,77
6,CR,5,32000,201,61
6,CR,5,32000,25,72
6,CR,5,32000,23,108
6,CR,5,32000,61,24
6,CR,5,32000,73,98
6,CR,5,32000,39,85
6,CR,5,32000,72,251
6,CR,5,32000,187,178
6,CR,5,32000,58,159
6,CR,5,32000,252,116
6,CR,5,32000,230,54
6,CR,5,32000,16,213
6,CR,5,32000,5,56
6,CR,5,32000,132,54
6,CR,5,32000,192,200
6,CR,5,32000,243,133
6,CR,5,32000,133,79
6,CR,5,32000,216,62
6,CR,5,32000,90,136
6,CR,5,32000,145,171
6,CR,5,32000,216,64
6,CR,5,32000,162,227
6,CR,5,32000,10,85
6,CR,5,32000,164,62
6,CR,5,32000,148,238
6,CR,5,32000,125,112
6,CR,5,32000,157,186
6,CR,5,32000,69,121
6,CR,5,32000,17,60
6,CR,5,32000,112,126
6,CR,5,32000,207,69
6,CR,5,32000,230,54
6,CR,5,32000,11,63
6,CR,5,32000,98,141
6,CR,5,32000,137,132
6,CR,5,32000,191,119
6,CR,5,32000,11,157
6,CR,5,32000,78,49
6,CR,5,32000,114,14
6,CR,5,32000,71,153
6,CR,5,32000,8,41
6,CR,5,32000,237,95
6,CR,5,32000,61,180
6,CR,5,32000,163,245
6,CR,5,32000,25,130
6,CR,5,32000,224,148
6,CR,5,32000,57,196
6,CR,5,32000,145,2
6,CR,5,32000,135,65
6,CR,5,32000,126,219
6,CR,5,32000,100,136
6,CR,5,32000,182,137
6,CR,5,32000,116,197
6,CR,5,32000,46,130
6,CR,5,32000,147,201
6,CR,5,32000,59,75
6,CR,5,32000,196,143
6,CR,5,32000,9,146
6,CR,5,32000,15,246
6,CR,5,32000,14,170
6,CR,5,32000,244,165
6,CR,5,32000,185,17
6,CR,5,32000,42,195
6,CR,5,32000,27,244
6,CR,5,32000,174,178
6,CR,5,32000,101,24
6,CR,5,32000,12,23
6,CR,5,32000,219,35
6,CR,5,32000,79,103
6,CR,5,32000,84,57
6,CR,5,32000,173,220
6,CR,5,32000,115,66
6,CR,5,32000,49,237
6,CR,5,32000,118,134
6,CR,5,32000,135,43
6,CR,5,32000,37,43
6,CR,5,32000,167,97
6,CR,5,32000,28,61
6,CR,5,32000,92,94
6,CR,5,32000,78,230
6,CR,5,32000,6,87
6,CR,5,32000,210,149
6,CR,5,32000,173,62
6,CR,5,32000,107,229
6,CR,5,32000,42,242
6,CR,5,32000,170,254
6,CR,5,32000,155,83
6,CR,5,32000,194,192
6,CR,5,32000,243,96
6,CR,5,32000,214,153
6,CR,5,32000,16,149
6,CR,5,32000,60,186
6,CR,5,32000,103,155
6,CR,5,32000,58,168
6,CR,5,32000,18,3
6,CR,5,32000,131,35
6,CR,5,32000,115,22
6,CR,5,32000,226,247
6,CR,5,32000,65,227
6,CR,5,32000,21,18
6,CR,5,32000,248,98
6,CR,5,32000,62,111
6,CR,5,32000,109,163
6,CR,5,32000,74,69
6,CR,5,32000,235,233
6,CR,5,32000,82,144
6,CR,5,32000,156,33
6,CR,5,32000,126,188
6,CR,5,32000,186,201
6,CR,5,32000,95,255
6,CR,5,32000,69,254
6,CR,5,32000,67,178
6,CR,5,32000,70,89
6,CR,5,32000,2,204
6,CR,5,32000,28,46
6,CR,5,32000,24,235
6,CR,5,32000,124,219
6,CR,5,32000,191,4
6,CR,5,32000,72,48
6,CR,5,32000,137,0
6,CR,5,32000,9,123
6,CR,5,32000,252,61
6,CR,5,32000,65,197
6,CR,5,32000,34,72
6,CR,5,32000,236,192
6,CR,5,32000,249,214
6,CR,5,32000,213,89
6,CR,5,32000,33,244
6,CR,5,32000,54,7
6,CR,5,32000,137,229
6,CR,5,32000,15,169
6,CR,5,32000,207,247
6,CR,5,32000,97,102
6,CR,5,32000,139,244
6,CR,5,32000,157,115
6,CR,5,32000,191,72
6,CR,5,32000,161,45
6,CR,5,32000,245,115
6,CR,5,32000,145,113
6,CR,5,32000,203,242
6,CR,5,32000,72,165
6,CR,5,32000,60,130
6,CR,5,32000,186,218
6,CR,5,32000,71,177
6,CR,5,32000,51,104
6,CR,5,32000,174,195
6,CR,5,32000,248,18
6,CR,5,32000,169,39
6,CR,5,32000,146,121
6,CR,5,32000,13,185
6,CR,5,32000,8,109
6,CR,5,32000,222,84
6,CR,5,32000,49,153
6,CR,5,32000,35,71
6,CR,5,32000,160,191
6,CR,5,32000,30,212
6,CR,5,32000,145,184
6,CR,5,32000,159,147
6,CR,5,32000,176,12
6,CR,5,32000,110,222
6,CR,5,32000,76,136
6,CR,5,32000,42,14
6,CR,5,32000,115,135
6,CR,5,32000,85,169
6,CR,5,32000,145,12
6,CR,5,32000,255,103
6,CR,5,32000,235,146
6,CR,5,32000,199,34
6,CR,5,32000,199,220
6,CR,5,32000,198,219
6,CR,5,32000,56,43
6,CR,5,32000,41,238
6,CR,5,32000,172,98
6,CR,5,32000,68,119
6,CR,5,32000,181,174
6,CR,5,32000,252,180
6,CR,5,32000,161,254
6,CR,5,32000,228,255
6,CR,5,32000,143,119
6,CR,5,32000,251,194
6,CR,5,32000,114,157
6,CR,5,32000,157,22
6,CR,5,32000,36,195
6,CR,5,32000,248,113
6,CR,5,32000,217,119
6,CR,5,32000,133,15
6,CR,5,32000,9,64
6,CR,5,32000,181,4
6,CR,5,32000,165,108
6,CR,5,32000,3,22
6,CR,5,32000,254,227
6,CR,5,32000,29,52
6,CR,5,32000,204,219
6,CR,5,32000,80,59
6,CR,5,32000,131,13
6,CR,5,32000,198,2
6,CR,5,32000,99,143
6,CR,5,32000,41,113
6,CR,5,32000,108,29
6,CR,5,32000,108,158
6,CR,5,32000,84,10
6,CR,5,32000,88,49
6,CR,5,32000,59,56
6,CR,5,32000,228,55
6,CR,5,32000,162,36
6,CR,5,32000,163,82
6,CR,5,32000,116,231
6,CR,5,32000,251,207
6,CR,5,32000,99,171
6,CR,5,32000,65,233
6,CR,5,32000,33,48
6,CR,5,32000,174,139
6,CR,5,32000,18,87
6,CR,5,32000,47,1
6,CR,5,32000,188,149
6,CR,5,32000,251,214
6,CR,5,32000,228,117
6,CR,5,32000,179,9
6,CR,5,32000,215,96
6,CR,5,32000,133,184
6,CR,5,32000,34,17
6,CR,5,32000,125,42
6,CR,5,32000,68,57
6,CR,5,32000,17,199
6,CR,5,32000,1,95
6,CR,5,32000,184,255
6,CR,5,32000,31,235
6,CR,5,32000,244,106
6,CR,5,32000,134,114
6,CR,5,32000,148,234
6,CR,5,32000,174,182
6,CR,5,32000,199,143
6,CR,5,32000,214,122
6,CR,5,32000,235,95
6,CR,5,32000,240,195
6,CR,5,32000,232,12
6,CR,5,32000,183,21
6,CR,5,32000,116,103
6,CR,5,32000,70,34
6,CR,5,32000,126,253
6,CR,5,32000,41,189
6,CR,5,32000,154,254
6,CR,5,32000,253,76
6,CR,5,32000,252,242
6,CR,5,32000,158,221
6,CR,5,32000,166,8
6,CR,5,32000,160,62
6,CR,5,32000,162,218
6,CR,5,32000,234,70
6,CR,5,32000,101,128
6,CR,5,32000,55,185
6,CR,5,32000,137,155
6,CR,5,32000,226,189
6,CR,5,32000,211,30
6,CR,5,32000,35,196
6,CR,5,32000,162,252
6,CR,5,32000,172,28
6,CR,5,32000,2,129
6,CR,5,32000,166,207
6,CR,5,32000,77,132
6,CR,5,32000,164,147
6,CR,5,32000,191,217
6,CR,5,32000,28,139
6,CR,5,32000,101,116
6,CR,5,32000,84,235
6,CR,5,32000,91,2
6,CR,5,32000,228,244
6,CR,5,32000,64,130
6,CR,5,32000,238,97
6,CR,5,32000,89,84
6,CR,5,32000,215,37
6,CR,5,32000,232,6
6,CR,5,32000,116,157
6,CR,5,32000,165,185
6,CR,5,32000,12,203
6,CR,5,32000,170,225
6,CR,5,32000,44,174
6,CR,5,32000,237,144
6,CR,5,32000,128,99
6,CR,5,32000,107,27
6,CR,5,32000,104,252
6,CR,5,32000,48,71
6,CR,5,32000,59,203
6,CR,5,32000,7,7
6,CR,5,32000,137,145
6,CR,5,32000,49,201
6,CR,5,32000,23,55
6,CR,5,32000,100,91
6,CR,5,32000,10,224
6,CR,5,32000,127,233
6,CR,5,32000,117,217
6,CR,5,32000,109,53
6,CR,5,32000,122,10
6,CR,5,32000,106,147
6,CR,5,32000,114,44
6,CR,5,32000,93,60
6,CR,5,32000,93,96
6,CR,5,32000,53,49
6,CR,5,32000,135,12
6,CR,5,32000,180,51
6,CR,5,32000,170,144
6,CR,5,32000,3,141
6,CR,5,32000,187,71
6,CR,5,32000,244,78
6,CR,5,32000,70,165
6,CR,5,32000,231,78
6,CR,5,32000,35,237
6,CR,5,32000,250,173
6,CR,5,32000,238,208
6,CR,5,32000,60,100
6,CR,5,32000,240,154
6,CR,5,32000,37,99
6,CR,5,32000,63,142
6,CR,5,32000,47,8
6,CR,5,32000,246,37
6,CR,5,32000,15,192
6,CR,5,32000,181,235
6,CR,5,32000,19,245
6,CR,5,32000,203,167
6,CR,5,32000,112,11
6,CR,5,32000,124,32
6,CR,5,32000,199,205
6,CR,5,32000,33,16
6,CR,5,32000,91,92
6,CR,5,32000,31,168
6,CR,5,32000,41,9
6,CR,5,32000,77,225
6,CR,5,32000,152,67
6,CR,5,32000,26,125
6,CR,5,32000,72,142
6,CR,5,32000,133,36
6,CR,5,32000,174,88
6,CR,5,32000,103,253
6,CR,5,32000,181,231
6,CR,5,32000,221,97
6,CR,5,32000,219,105
6,CR,5,32000,186,255
6,CR,5,32000,189,178
6,CR,5,32000,80,77
6,CR,5,32000,109,193
6,CR,5,32000,52,210
6,CR,5,32000,149,236
6,CR,5,32000,49,33
6,CR,5,32000,109,41
6,CR,5,32000,244,26
6,CR,5,32000,80,200
6,CR,5,32000,121,178
6,CR,5,32000,190,160
6,CR,5,32000,76,196
6,CR,5,32000,250,217
6,CR,5,32000,125,69
6,CR,5,32000,236,250
6,CR,5,32000,110,231
6,CR,5,32000,154,107
6,CR,5,32000,200,3
6,CR,5,32000,247,22
6,CR,5,32000,81,140
6,CR,5,32000,82,136
6,CR,5,32000,89,151
6,CR,5,32000,22,217
6,CR,5,32000,137,115
6,CR,5,32000,190,201
6,CR,5,32000,72,224
6,CR,5,32000,64,80
6,CR,5,32000,21,202
6,CR,5,32000,39,192
6,CR,5,32000,5,166
6,CR,5,32000,46,108
6,CR,5,32000,168,137
6,CR,5,32000,157,199
6,CR,5,32000,123,16
6,CR,5,32000,59,138
6,CR,5,32000,38,158
6,CR,5,32000,224,178
6,CR,5,32000,241,226
6,CR,5,32000,201,222
6,CR,5,32000,253,140
6,CR,5,32000,26,141
6,CR,5,32000,39,234
6,CR,5,32000,3,247
6,CR,5,32000,57,118
6,CR,5,32000,77,35
6,CR,5,32000,169,186
6,CR,5,32000,73,182
6,CR,5,32000,164,46
6,CR,5,32000,168,225
6,CR,5,32000,198,219
6,CR,5,32000,45,45
6,CR,5,32000,11,174
6,CR,5,32000,152,230
6,CR,5,32000,223,37
6,CR,5,32000,211,241
6,CR,5,32000,214,226
6,CR,5,32000,57,96
6,CR,5,32000,156,221
6,CR,5,32000,111,14
6,CR,5,32000,188,237
6,CR,5,32000,60,167
6,CR,5,32000,85,16
6,CR,5,32000,18,127
6,CR,5,32000,107,103
6,CR,5,32000,4,4
6,CR,5,32000,105,119
6,CR,5,32000,72,202
6,CR,5,32000,194,182
6,CR,5,32000,42,132
6,CR,5,32000,86,142
6,CR,5,32000,102,63
6,CR,5,32000,36,236
6,CR,5,32000,172,49
6,CR,5,8192000,245,254
6,CR,5,8192000,71,43
6,CR,5,8192000,148,54
6,CR,5,8192000,159,112
6,CR,5,8192000,111,122
6,CR,5,8192000,222,61
6,CR,5,8192000,200,45
6,CR,5,8192000,214,83
6,CR,5,8192000,14,25
6,CR,5,8192000,22,92
6,CR,5,8192000,80,121
6,CR,5,8192000,114,238
6,CR,5,8192000,76,54
6,CR,5,8192000,149,192
6,CR,5,8192000,177,180
6,CR,5,8192000,75,1
6,CR,5,8192000,20,123
6,CR,5,8192000,67,232
6,CR,5,8192000,166,57
6,CR,5,8192000,194,188
6,CR,5,8192000,190,60
6,CR,5,8192000,202,98
6,CR,5,8192000,103,3
6,CR,5,8192000,219,81
6,CR,5,8192000,182,94
6,CR,5,8192000,145,135
6,CR,5,8192000,247,169
6,CR,5,8192000,93,38
6,CR,5,8192000,0,214
6,CR,5,8192000,22,248
6,CR,5,8192000,104,159
6,CR,5,8192000,104,30
6,CR,5,8192000,183,196
6,CR,5,8192000,61,110
6,CR,5,8192000,57,203
6,CR,5,8192000,61,194
6,CR,5,8192000,78,31
6,CR,5,8192000,90,12
6,CR,5,8192000,198,240
6,CR,5,8192000,238,237
6,CR,5,8192000,88,28
6,CR,5,8192000,131,251
6,CR,5,8192000,219,169
6,CR,5,8192000,7,72
6,CR,5,8192000,123,196
6,CR,5,8192000,89,65
6,CR,5,8192000,94,225
6,CR,5,8192000,112,30
6,CR,5,8192000,147,9
6,CR,5,8192000,221,24
6,CR,5,8192000,175,124
6,CR,5,8192000,13,235
6,CR,5,8192000,105,121
6,CR,5,8192000,26,240
6,CR,5,8192000,228,16
6,CR,5,8192000,183,201
6,CR,5,8192000,219,183
6,CR,5,8192000,92,121
6,CR,5,8192000,156,135
6,CR,5,8192000,41,156
6,CR,5,8192000,98,39
6,CR,5,8192000,36,191
6,CR,5,8192000,33,23
6,CR,5,8192000,15,63
6,CR,5,8192000,218,240
6,CR,5,8192000,110,166
6,CR,5,8192000,168,251
6,CR,5,8192000,60,180
6,CR,5,8192000,59,254
6,CR,5,8192000,151,87
6,CR,5,8192000,143,215
6,CR,5,8192000,131,5
6,CR,5,8192000,168,27
6,CR,5,8192000,27,202
6,CR,5,8192000,62,193
6,CR,5,8192000,125,205
6,CR,5,8192000,199,162
6,CR,5,8192000,46,5
6,CR,5,8192000,120,105
6,CR,5,8192000,121,90
6,CR,5,8192000,64,191
6,CR,5,8192000,119,3
6,CR,5,8192000,116,40
6,CR,5,8192000,148,149
6,CR,5,8192000,40,0
6,CR,5,8192000,155,48
6,CR,5,8192000,92,4
6,CR,5,8192000,97,118
6,CR,5,8192000,114,230
6,CR,5,8192000,192,219
6,CR,5,8192000,0,162
6,CR,5,8192000,183,101
6,CR,5,8192000,42,226
6,CR,5,8192000,141,99
6,CR,5,8192000,253,157
6,CR,5,8192000,175,203
6,CR,5,8192000,130,21
6,CR,5,8192000,213,151
6,CR,5,8192000,190,42
6,CR,5,8192000,176,146
6,CR,5,8192000,52,188
6,CR,5,8192000,158,80
6,CR,5,8192000,214,241
6,CR,5,8192000,18,101
6,CR,5,8192000,235,174
6,CR,5,8192000,240,215
6,CR,5,8192000,230,239
6,CR,5,8192000,235,176
6,CR,5,8192000,224,163
6,CR,5,8192000,172,78
6,CR,5,8192000,58,17
6,CR,5,8192000,246,242
6,CR,5,8192000,127,78
6,CR,5,8192000,154,24
6,CR,5,8192000,33,70
6,CR,5,8192000,113,0
6,CR,5,8192000,142,162
6,CR,5,8192000,126,253
6,CR,5,8192000,75,252
6,CR,5,8192000,9,5
6,CR,5,8192000,241,109
6,CR,5,8192000,226,51
6,CR,5,8192000,243,33
6,CR,5,8192000,174,190
6,CR,5,8192000,8,106
6,CR,5,8192000,89,228
6,CR,5,8192000,8,230
6,CR,5,8192000,213,23
6,CR,5,8192000,212,202
6,CR,5,8192000,179,235
6,CR,5,8192000,121,196
6,CR,5,8192000,117,18
6,CR,5,8192000,145,212
6,CR,5,8192000,4,42
6,CR,5,8192000,179,62
6,CR,5,8192000,200,25
6,CR,5,8192000,43,235
6,CR,5,8192000,182,18
6,CR,5,8192000,235,191
6,CR,5,8192000,235,240
6,CR,5,8192000,249,194
6,CR,5,8192000,136,206
6,CR,5,8192000,211,49
6,CR,5,8192000,191,172
6,CR,5,8192000,25,94
6,CR,5,8192000,120,214
6,CR,5,8192000,203,236
6,CR,5,8192000,148,46
6,CR,5,8192000,97,7
6,CR,5,8192000,62,178
6,CR,5,8192000,14,2
6,CR,5,8192000,6,148
6,CR,5,8192000,101,219
6,CR,5,8192000,104,16
6,CR,5,8192000,141,186
6,CR,5,8192000,155,110
6,CR,5,8192000,207,211
6,CR,5,8192000,38,250
6,CR,5,8192000,65,114
6,CR,5,8192000,211,193
6,CR,5,8192000,232,111
6,CR,5,8192000,122,164
6,CR,5,8192000,192,196
6,CR,5,8192000,137,152
6,CR,5,8192000,65,139
6,CR,5,8192000,59,109
6,CR,5,8192000,51,105
6,CR,5,8192000,73,119
6,CR,5,8192000,9,10
6,CR,5,8192000,10,9
6,CR,5,8192000,62,200
6,CR,5,8192000,107,150
6,CR,5,8192000,159,14
6,CR,5,8192000,79,40
6,CR,5,8192000,149,76
6,CR,5,8192000,236,198
6,CR,5,8192000,29,124
6,CR,5,8192000,224,10
6,CR,5,8192000,84,78
6,CR,5,8192000,182,191
6,CR,5,8192000,51,102
6,CR,5,8192000,133,153
6,CR,5,8192000,176,186
6,CR,5,8192000,149,129
6,CR,5,8192000,28,230
6,CR,5,8192000,135,3
6,CR,5,8192000,99,115
6,CR,5,8192000,185,210
6,CR,5,8192000,140,204
6,CR,5,8192000,219,143
6,CR,5,8192000,84,143
6,CR,5,8192000,215,28
6,CR,5,8192000,192,96
6,CR,5,8192000,99,50
6,CR,5,8192000,112,33
6,CR,5,8192000,99,35
6,CR,5,8192000,223,17
6,CR,5,8192000,175,124
6,CR,5,8192000,108,79
6,CR,5,8192000,186,248
6,CR,5,8192000,178,213
6,CR,5,8192000,64,227
6,CR,5,8192000,118,181
6,CR,5,8192000,2,191
6,CR,5,8192000,247,139
6,CR,5,8192000,88,251
6,CR,5,8192000,242,144
6,CR,5,8192000,84,140
6,CR,5,8192000,79,68
6,CR,5,8192000,252,243
6,CR,5,8192000,4,40
6,CR,5,8192000,227,49
6,CR,5,8192000,253,166
6,CR,5,8192000,208,112
6,CR,5,8192000,110,117
6,CR,5,8192000,203,208
6,CR,5,8192000,218,55
6,CR,5,8192000,22,173
6,CR,5,8192000,112,81
6,CR,5,8192000,167,24
6,CR,5,8192000,137,159
6,CR,5,8192000,211,236
6,CR,5,8192000,203,77
6,CR,5,8192000,6,89
6,CR,5,8192000,71,221
6,CR,5,8192000,169,230
6,CR,5,8192000,98,146
6,CR,5,8192000,110,3
6,CR,5,8192000,105,104
6,CR,5,8192000,31,89
6,CR,5,8192000,216,114
6,CR,5,8192000,50,53
6,CR,5,8192000,23,112
6,CR,5,8192000,63,224
6,CR,5,8192000,169,225
6,CR,5,8192000,25,6
6,CR,5,8192000,152,210
6,CR,5,8192000,142,177
6,CR,5,8192000,202,18
6,CR,5,8192000,157,122
6,CR,5,8192000,27,100
6,CR,5,8192000,145,183
6,CR,5,8192000,126,215
6,CR,5,8192000,15,175
6,CR,5,8192000,107,172
6,CR,5,8192000,93,133
6,CR,5,8192000,4,180
6,CR,5,8192000,56,187
6,CR,5,8192000,115,21
6,CR,5,8192000,187,162
6,CR,5,8192000,126,78
6,CR,5,8192000,182,220
6,CR,5,8192000,94,99
6,CR,5,8192000,123,237
6,CR,5,8192000,30,122
6,CR,5,8192000,226,55
6,CR,5,8192000,15,134
6,CR,5,8192000,250,68
6,CR,5,8192000,35,101
6,CR,5,8192000,29,156
6,CR,5,8192000,0,90
6,CR,5,8192000,199,227
6,CR,5,8192000,210,12
6,CR,5,8192000,66,224
6,CR,5,8192000,188,6
6,CR,5,8192000,75,108
6,CR,5,8192000,139,91
6,CR,5,8192000,228,16
6,CR,5,8192000,94,160
6,CR,5,8192000,146,215
6,CR,5,8192000,67,42
6,CR,5,8192000,98,214
6,CR,5,8192000,203,21
6,CR,5,8192000,79,56
6,CR,5,8192000,183,195
6,CR,5,8192000,81,172
6,CR,5,8192000,25,188
6,CR,5,8192000,207,75
6,CR,5,8192000,110,152
6,CR,5,8192000,11,5
6,CR,5,8192000,240,229
6,CR,5,8192000,26,216
6,CR,5,8192000,231,108
6,CR,5,8192000,36,105
6,CR,5,8192000,4,173
6,CR,5,8192000,12,35
6,CR,5,8192000,162,183
6,CR,5,8192000,229,84
6,CR,5,8192000,96,157
6,CR,5,8192000,147,145
6,CR,5,8192000,57,160
6,CR,5,8192000,8,138
6,CR,5,8192000,93,74
6,CR,5,8192000,78,17
6,CR,5,8192000,254,16
6,CR,5,8192000,187,39
6,CR,5,8192000,151,58
6,CR,5,8192000,203,48
6,CR,5,8192000,229,55
6,CR,5,8192000,161,190
6,CR,5,8192000,188,176
6,CR,5,8192000,176,65
6,CR,5,8192000,158,230
6,CR,5,8192000,128,228
6,CR,5,8192000,213,168
6,CR,5,8192000,156,189
6,CR,5,8192000,184,140
6,CR,5,8192000,43,4
6,CR,5,8192000,141,145
6,CR,5,8192000,135,101
6,CR,5,8192000,198,241
6,CR,5,8192000,214,86
6,CR,5,8192000,108,66
6,CR,5,8192000,19,252
6,CR,5,8192000,97,142
6,CR,5,8192000,206,8
6,CR,5,8192000,247,73
6,CR,5,8192000,31,88
6,CR,5,8192000,111,37
6,CR,5,8192000,52,132
6,CR,5,8192000,152,200
6,CR,5,8192000,134,234
6,CR,5,8192000,188,32
6,CR,5,8192000,128,102
6,CR,5,8192000,7,235
6,CR,5,8192000,3,6
6,CR,5,8192000,176,221
6,CR,5,8192000,52,24
6,CR,5,8192000,222,65
6,CR,5,8192000,176,255
6,CR,5,8192000,231,14
6,CR,5,8192000,226,79
6,CR,5,8192000,156,136
6,CR,5,8192000,56,62
6,CR,5,8192000,118,4
6,CR,5,8192000,164,11
6,CR,5,8192000,184,85
6,CR,5,8192000,146,52
6,CR,5,8192000,146,177
6,CR,5,8192000,29,47
6,CR,5,8192000,18,184
6,CR,5,8192000,170,76
6,CR,5,8192000,72,116
6,CR,5,8192000,149,56
6,CR,5,8192000,187,132
6,CR,5,8192000,64,254
6,CR,5,8192000,188,228
6,CR,5,8192000,99,206
6,CR,5,8192000,129,86
6,CR,5,8192000,228,163
6,CR,5,8192000,60,121
6,CR,5,8192000,40,199
6,CR,5,8192000,62,10
6,CR,5,8192000,90,237
6,CR,5,8192000,133,239
6,CR,5,8192000,235,73
6,CR,5,8192000,104,19
6,CR,5,8192000,213,122
6,CR,5,8192000,12,95
6,CR,5,8192000,219,51
6,CR,5,8192000,164,230
6,CR,5,8192000,21,180
6,CR,5,8192000,207,70
6,CR,5,8192000,243,209
6,CR,5,8192000,27,201
6,CR,5,8192000,69,234
6,CR,5,8192000,216,149
6,CR,5,8192000,92,167
6,CR,5,8192000,62,175
6,CR,5,8192000,203,65
6,CR,5,8192000,70,233
6,CR,5,8192000,46,177
6,CR,5,8192000,29,32
6,CR,5,8192000,126,18
6,CR,5,8192000,34,193
6,CR,5,8192000,121,201
6,CR,5,8192000,87,165
6,CR,5,8192000,78,186
6,CR,5,8192000,250,250
6,CR,5,8192000,33,237
6,CR,5,8192000,201,135
6,CR,5,8192000,148,139
6,CR,5,8192000,137,46
6,CR,5,8192000,189,204
6,CR,5,8192000,213,241
6,CR,5,8192000,230,89
6,CR,5,8192000,215,129
6,CR,5,8192000,172,226
6,CR,5,8192000,47,189
6,CR,5,8192000,41,116
6,CR,5,8192000,80,176
6,CR,5,8192000,57,198
6,CR,5,8192000,91,222
6,CR,5,8192000,196,149
6,CR,5,8192000,33,5
6,CR,5,8192000,162,36
6,CR,5,8192000,52,200
6,CR,5,8192000,210,228
6,CR,5,8192000,103,86
6,CR,5,8192000,182,223
6,CR,5,8192000,70,4
6,CR,5,8192000,16,118
6,CR,5,8192000,81,198
6,CR,5,8192000,215,79
6,CR,5,8192000,218,212
6,CR,5,8192000,139,89
6,CR,5,8192000,131,75
6,CR,5,8192000,102,0
6,CR,5,8192000,253,26
6,CR,5,8192000,71,114
6,CR,5,8192000,23,64
6,CR,5,8192000,163,129
6,CR,5,8192000,147,138
6,CR,5,8192000,240,107
6,CR,5,8192000,91,64
6,CR,5,8192000,190,182
6,CR,5,8192000,218,107
6,CR,5,8192000,235,18
6,CR,5,8192000,34,77
6,CR,5,8192000,226,0
6,CR,5,8192000,244,24
6,CR,5,8192000,44,111
6,CR,5,8192000,46,199
6,CR,5,8192000,233,126
6,CR,5,8192000,81,217
6,CR,5,8192000,115,163
6,CR,5,8192000,66,214
6,CR,5,8192000,144,77
6,CR,5,8192000,4,144
6,CR,5,8192000,128,143
6,CR,5,8192000,97,164
6,CR,5,8192000,216,214
6,CR,5,8192000,47,87
6,CR,5,8192000,188,235
6,CR,5,8192000,145,56
6,CR,5,8192000,236,138
6,CR,5,8192000,95,235
6,CR,5,8192000,183,121
6,CR,5,8192000,28,9
6,CR,5,8192000,78,45
6,CR,5,8192000,58,187
6,CR,5,8192000,73,84
6,CR,5,8192000,23,92
6,CR,5,8192000,211,239
6,CR,5,8192000,11,233
6,CR,5,8192000,124,29
6,CR,5,8192000,128,213
6,CR,5,8192000,30,137
6,CR,5,8192000,242,200
6,CR,5,8192000,205,90
6,CR,5,8192000,102,196
6,CR,5,8192000,172,91
6,CR,5,8192000,85,46
6,CR,5,8192000,236,156
6,CR,5,8192000,189,17
6,CR,5,8192000,90,119
6,CR,5,8192000,63,204
6,CR,5,8192000,147,148
6,CR,5,8192000,55,231
6,CR,5,8192000,26,203
6,CR,5,8192000,111,81
6,CR,5,8192000,225,233
6,CR,5,8192000,39,184
6,CR,5,8192000,20,68
6,CR,5,8192000,144,76
6,CR,5,8192000,9,252
6,CR,5,8192000,84,172
6,CR,5,8192000,132,132
6,CR,5,8192000,127,189
6,CR,5,8192000,101,238
6,CR,5,8192000,13,144
6,CR,5,8192000,47,73
6,CR,5,8192000,64,181
6,CR,5,8192000,131,53
6,CR,5,8192000,81,40
6,CR,5,8192000,32,247
6,CR,5,8192000,136,214
6,CR,5,8192000,23,30
6,CR,5,8192000,124,176
6,CR,5,8192000,174,98
6,CR,5,8192000,160,140
6,CR,5,8192000,135,28
6,CR,5,8192000,241,114
6,CR,5,8192000,209,196
6,CR,5,8192000,82,154
6,CR,5,8192000,30,65
6,CR,5,8192000,55,211
6,CR,5,8192000,141,10
6,CR,5,8192000,207,24
6,CR,5,8192000,111,29
6,CR,5,8192000,230,2
6,CR,5,8192000,38,178
6,CR,5,8192000,169,221
6,CR,5,8192000,72,47
6,CR,5,8192000,102,177
6,CR,5,8192000,61,88
6,CR,5,8192000,186,237
6,CR,5,8192000,206,44
6,CR,5,8192000,39,189
6,CR,5,8192000,250,77
6,CR,5,8192000,97,119
6,CR,5,8192000,145,8
6,CR,5,8192000,7,176
6,CR,5,8192000,16,245
6,CR,5,8192000,146,92
6,CR,5,8192000,150,75
6,CR,5,8192000,66,252
6,CR,5,8192000,104,66
6,CR,5,8192000,142,39
6,CR,5,8192000,146,59
6,CR,5,8192000,218,232
6,CR,5,8192000,137,238
6,CR,5,8192000,206,70
6,CR,5,8192000,26,184
6,CR,5,8192000,251,245
6,CR,5,8192000,147,47
6,CR,5,8192000,252,129
6,CR,5,8192000,239,56
6,CR,5,8192000,52,2
6,CR,5,8192000,62,168
6,CR,5,8192000,39,122
6,CR,5,8192000,217,98
6,CR,5,8192000,105,36
6,CR,5,8192000,18,58
6,CR,5,8192000,58,27
6,CR,5,8192000,191,68
6,CR,5,8192000,194,116
6,CR,5,8192000,78,99
6,CR,5,8192000,233,128
6,CR,5,8192000,230,151
6,CR,5,8192000,118,40
6,CR,5,8192000,97,223
6,CR,5,8192000,193,200
6,CR,5,8192000,50,74
6,CR,5,8192000,177,167
6,CR,5,8192000,223,233
6,CR,5,8192000,1,96
6,CR,5,8192000,170,232
6,CR,5,8192000,123,12
6,CR,5,8192000,255,250
6,CR,5,8192000,214,88
6,CR,5,8192000,185,130
6,CR,5,8192000,75,201
6,CR,5,8192000,245,243
6,CR,5,8192000,111,231
6,CR,5,8192000,170,79
6,CR,5,8192000,151,171
6,CR,5,8192000,79,156
6,CR,5,8192000,193,56
6,CR,5,8192000,118,127
6,CR,5,8192000,53,38
6,CR,5,8192000,28,140
6,CR,5,8192000,181,144
6,CR,5,8192000,112,90
6,CR,5,8192000,20,3
6,CR,5,8192000,4,188
6,CR,5,8192000,111,158
6,CR,5,8192000,29,124
6,CR,5,8192000,197,93
6,CR,5,8192000,26,104
6,CR,5,8192000,5,37
6,CR,5,8192000,153,179
6,CR,5,8192000,127,136
6,CR,5,8192000,226,110
6,CR,5,8192000,213,33
6,CR,5,8192000,108,120
6,CR,5,8192000,33,165
6,CR,5,8192000,96,123
6,CR,5,8192000,141,202
6,CR,5,8192000,69,4
6,CR,5,8192000,151,118
6,CR,5,8192000,157,50
6,CR,5,8192000,16,165
6,CR,5,8192000,86,82
6,CR,5,8192000,224,15
6,CR,5,8192000,64,178
6,CR,5,8192000,16,240
6,CR,5,8192000,162,136
6,CR,5,8192000,2,160
6,CR,5,8192000,122,138
6,CR,5,8192000,10,157
6,CR,5,8192000,6,241
6,CR,5,8192000,219,136
6,CR,5,8192000,97,134
6,CR,5,8192000,30,12
6,CR,5,8192000,94,91
6,CR,5,8192000,17,126
6,CR,5,8192000,107,161
6,CR,5,8192000,158,103
6,CR,5,8192000,38,248
6,CR,5,8192000,62,47
6,CR,5,8192000,167,88
6,CR,5,8192000,125,246
6,CR,5,8192000,2,114
6,CR,5,8192000,123,151
6,CR,5,8192000,25,220
6,CR,5,8192000,219,83
6,CR,5,8192000,41,93
6,CR,5,8192000,124,6
6,CR,5,8192000,75,246
6,CR,5,8192000,121,46
6,CR,5,8192000,19,250
6,CR,5,8192000,11,226
6,CR,5,8192000,45,164
6,CR,5,8192000,23,152
6,CR,5,8192000,160,192
6,CR,5,8192000,64,70
6,CR,5,8192000,221,170
6,CR,5,8192000,227,100
6,CR,5,8192000,20,188
6,CR,5,8192000,172,128
6,CR,5,8192000,169,67
6,CR,5,8192000,158,66
6,CR,5,8192000,156,192
6,CR,5,8192000,175,2
6,CR,5,8192000,18,214
6,CR,5,8192000,143,197
6,CR,5,8192000,87,81
6,CR,5,8192000,66,4
6,CR,5,8192000,98,139
6,CR,5,8192000,89,12
6,CR,5,8192000,238,211
6,CR,5,8192000,134,173
6,CR,5,8192000,138,120
6,CR,5,8192000,219,243
6,CR,5,8192000,130,152
6,CR,5,8192000,120,183
6,CR,5,8192000,235,64
6,CR,5,8192000,142,79
6,CR,5,8192000,213,222
6,CR,5,8192000,103,91
6,CR,5,8192000,133,182
6,CR,5,8192000,22,25
6,CR,5,8192000,148,35
6,CR,5,8192000,151,5
6,CR,5,8192000,30,60
6,CR,5,8192000,240,20
6,CR,5,8192000,38,133
6,CR,5,8192000,56,252
6,CR,5,8192000,157,169
6,CR,5,8192000,170,44
6,CR,5,8192000,38,46
6,CR,5,8192000,179,158
6,CR,5,8192000,7,111
6,CR,5,8192000,52,244
6,CR,5,8192000,144,132
6,CR,5,8192000,93,134
6,CR,5,8192000,74,141
6,CR,5,8192000,64,4
6,CR,5,8192000,126,97
6,CR,5,8192000,202,131
6,CR,5,8192000,165,109
6,CR,5,8192000,199,118
6,CR,5,8192000,120,209
6,CR,5,8192000,150,227
6,CR,5,8192000,41,19
6,CR,5,8192000,212,99
6,CR,5,8192000,178,222
6,CR,5,8192000,249,70
6,CR,5,8192000,3,201
6,CR,5,8192000,54,229
6,CR,5,8192000,177,131
6,CR,5,8192000,1,104
6,CR,5,8192000,204,228
6,CR,5,8192000,200,44
6,CR,5,8192000,69,70
6,CR,5,8192000,109,189
6,CR,5,8192000,205,130
6,CR,5,8192000,214,18
6,CR,5,8192000,159,103
6,CR,5,8192000,35,155
6,CR,5,8192000,13,118
6,CR,5,8192000,115,164
6,CR,5,8192000,29,158
6,CR,5,8192000,68,101
6,CR,5,8192000,204,123
6,CR,5,8192000,205,117
6,CR,5,8192000,164,34
6,CR,5,8192000,109,47
6,CR,5,8192000,202,108
6,CR,5,8192000,117,6
6,CR,5,8192000,220,255
6,CR,5,8192000,253,69
6,CR,5,8192000,93,64
6,CR,5,8192000,17,2
6,CR,5,8192000,235,180
6,CR,5,8192000,59,214
6,CR,5,8192000,219,81
6,CR,5,8192000,123,121
6,CR,5,8192000,70,128
6,CR,5,8192000,85,170
6,CR,5,8192000,17,32
6,CR,5,8192000,133,237
6,CR,5,8192000,89,179
6,CR,5,8192000,34,23
6,CR,5,8192000,108,88
6,CR,5,8192000,226,27
6,CR,5,8192000,170,36
6,CR,5,8192000,31,14
6,CR,5,8192000,69,111
6,CR,5,8192000,26,136
6,CR,5,8192000,201,229
6,CR,5,8192000,114,161
6,CR,5,8192000,251,110
6,CR,5,8192000,219,226
6,CR,5,8192000,37,29
6,CR,5,8192000,244,126
6,CR,5,8192000,26,163
6,CR,5,8192000,176,30
6,CR,5,8192000,2,25
6,CR,5,8192000,132,235
6,CR,5,8192000,7,252
6,CR,5,8192000,224,238
6,CR,5,8192000,227,167
6,CR,5,8192000,12,47
6,CR,5,8192000,217,210
6,CR,5,8192000,78,240
6,CR,5,8192000,91,238
6,CR,5,8192000,231,166
6,CR,5,8192000,9,243
6,CR,5,8192000,27,63
6,CR,5,8192000,35,56
6,CR,5,8192000,188,234
6,CR,5,8192000,67,119
6,CR,5,8192000,60,173
6,CR,5,8192000,138,136
6,CR,5,8192000,42,119
6,CR,5,8192000,205,88
6,CR,5,8192000,98,135
6,CR,5,8192000,78,63
6,CR,5,8192000,186,79
6,CR,5,8192000,221,226
6,CR,5,8192000,17,164
6,CR,5,8192000,31,141
6,CR,5,8192000,20,181
6,CR,5,8192000,118,204
6,CR,5,8192000,192,228
6,CR,5,8192000,253,6
6,CR,5,8192000,161,156
6,CR,5,8192000,57,145
6,CR,5,8192000,184,147
6,CR,5,8192000,133,199
6,CR,5,8192000,225,104
6,CR,5,8192000,189,108
6,CR,5,8192000,193,28
6,CR,5,8192000,221,100
6,CR,5,8192000,201,253
6,CR,5,8192000,9,113
6,CR,5,8192000,173,27
6,CR,5,8192000,41,246
6,CR,5,8192000,197,15
6,CR,5,8192000,36,106
6,CR,5,8192000,180,64
6,CR,5,8192000,249,54
6,CR,5,8192000,99,116
6,CR,5,8192000,29,82
6,CR,5,8192000,187,232
6,CR,5,8192000,236,91
6,CR,5,8192000,62,249
6,CR,5,8192000,114,100
6,CR,5,8192000,169,75
6,CR,5,8192000,180,84
6,CR,5,8192000,27,152
6,CR,5,8192000,234,215
6,CR,5,8192000,53,140
6,CR,5,8192000,85,50
6,CR,5,8192000,178,55
6,CR,5,8192000,53,131
6,CR,5,8192000,69,205
6,CR,5,8192000,69,87
6,CR,5,8192000,161,189
6,CR,5,8192000,143,217
6,CR,5,8192000,135,220
6,CR,5,8192000,77,39
6,CR,5,8192000,204,132
6,CR,5,8192000,68,154
6,CR,5,8192000,253,117
6,CR,5,8192000,17,70
6,CR,5,8192000,217,3
6,CR,5,8192000,249,228
6,CR,5,8192000,192,20
6,CR,5,8192000,88,42
6,CR,5,8192000,132,232
6,CR,5,8192000,192,119
6,CR,5,8192000,87,66
6,CR,5,8192000,1,7
6,CR,5,8192000,48,82
6,CR,5,8192000,196,255
6,CR,5,8192000,212,133
6,CR,5,8192000,190,240
6,CR,5,8192000,52,196
6,CR,5,8192000,65,69
6,CR,5,8192000,181,184
6,CR,5,8192000,1,137
6,CR,5,8192000,96,103
6,CR,5,8192000,213,124
6,CR,5,8192000,135,128
6,CR,5,8192000,222,139
6,CR,5,8192000,114,154
6,CR,5,8192000,116,109
6,CR,5,8192000,134,149
6,CR,5,8192000,140,81
6,CR,5,8192000,211,42
6,CR,5,8192000,172,41
6,CR,5,8192000,48,228
6,CR,5,8192000,76,83
6,CR,5,8192000,12,66
6,CR,5,8192000,78,34
6,CR,5,8192000,29,34
6,CR,5,8192000,95,176
6,CR,5,8192000,96,19
6,CR,5,8192000,246,228
6,CR,5,8192000,6,235
6,CR,5,8192000,114,43
6,CR,5,8192000,159,249
6,CR,5,8192000,233,245
6,CR,5,8192000,2,80
6,CR,5,8192000,145,81
6,CR,5,8192000,59,140
6,CR,5,8192000,243,25
6,CR,5,8192000,10,56
6,CR,5,8192000,87,107
6,CR,5,8192000,225,179
6,CR,5,8192000,160,222
6,CR,5,8192000,184,200
6,CR,5,8192000,79,6
6,CR,5,8192000,107,17
6,CR,5,8192000,170,6
6,CR,5,8192000,150,52
6,CR,5,8192000,254,4
6,CR,5,8192000,3,80
6,CR,5,8192000,120,46
6,CR,5,8192000,74,15
6,CR,5,8192000,106,13
6,CR,5,8192000,201,196
6,CR,5,8192000,87,212
6,CR,5,8192000,20,1
6,CR,5,8192000,157,63
6,CR,5,8192000,226,47
6,CR,5,8192000,43,25
6,CR,5,8192000,12,37
6,CR,5,8192000,68,187
6,CR,5,8192000,219,234
6,CR,5,8192000,87,73
6,CR,5,8192000,12,137
6,CR,5,8192000,214,33
6,CR,5,8192000,248,248
6,CR,5,8192000,216,57
6,CR,5,8192000,166,251
6,CR,5,8192000,227,67
6,CR,5,8192000,65,76
6,CR,5,8192000,219,72
6,CR,5,8192000,105,59
6,CR,5,8192000,82,149
6,CR,5,8192000,172,240
6,CR,5,8192000,42,245
6,CR,5,8192000,218,81
6,CR,5,8192000,216,31
6,CR,5,8192000,66,52
6,CR,5,8192000,123,93
6,CR,5,8192000,142,149
6,CR,5,8192000,223,195
6,CR,5,8192000,9,191
6,CR,5,8192000,225,14
6,CR,5,8192000,230,170
6,CR,5,8192000,255,146
6,CR,5,8192000,66,101
6,CR,5,8192000,134,125
6,CR,5,8192000,97,75
6,CR,5,8192000,61,100
6,CR,5,8192000,255,75
6,CR,5,8192000,94,93
6,CR,5,8192000,239,203
6,CR,5,8192000,218,252
6,CR,5,8192000,249,143
6,CR,5,8192000,255,69
6,CR,5,8192000,233,157
6,CR,5,8192000,30,192
6,CR,5,8192000,240,145
6,CR,5,8192000,3,244
6,CR,5,8192000,216,180
6,CR,5,8192000,83,207
6,CR,5,8192000,67,239
6,CR,5,8192000,125,16
6,CR,5,8192000,222,81
6,CR,5,8192000,94,161
6,CR,5,8192000,57,172
6,CR,5,8192000,92,232
6,CR,5,8192000,181,164
6,CR,5,8192000,142,107
6,CR,5,8192000,1,165
6,CR,5,8192000,155,163
6,CR,5,8192000,144,85
6,CR,5,8192000,5,1
6,CR,5,8192000,17,173
6,CR,5,8192000,154,207
6,CR,5,8192000,213,15
6,CR,5,8192000,244,12
6,CR,5,8192000,6,242
6,CR,5,8192000,14,118
6,CR,5,8192000,231,159
6,CR,5,8192000,34,53
6,CR,5,8192000,24,151
6,CR,5,8192000,252,170
6,CR,5,8192000,168,178
6,CR,5,8192000,212,53
6,CR,5,8192000,99,75
6,CR,5,8192000,153,121
6,CR,5,8192000,234,132
6,CR,5,8192000,112,144
6,CR,5,8192000,201,192
6,CR,5,8192000,97,42
6,CR,5,8192000,228,171
6,CR,5,8192000,151,95
6,CR,5,8192000,128,168
6,CR,5,8192000,146,65
6,CR,5,8192000,234,170
6,CR,5,8192000,27,214
6,CR,5,8192000,234,87
6,CR,5,8192000,155,76
6,CR,5,8192000,131,52
6,CR,5,8192000,231,154
6,CR,5,8192000,55,170
6,CR,5,8192000,44,219
6,CR,5,8192000,207,177
6,CR,5,8192000,90,91
6,CR,5,8192000,177,34
6,CR,5,8192000,6,230
6,CR,5,8192000,148,187
6,CR,5,8192000,78,109
6,CR,5,8192000,136,30
6,CR,5,8192000,116,187
6,CR,5,8192000,26,225
6,CR,5,8192000,83,6
6,CR,5,8192000,100,88
6,CR,5,8192000,151,64
6,CR,5,8192000,14,181
6,CR,5,8192000,222,159
6,CR,5,8192000,103,217
6,CR,5,8192000,167,239
6,CR,5,8192000,92,31
6,CR,5,8192000,193,22
6,CR,5,8192000,29,18
6,CR,5,8192000,55,164
6,CR,5,8192000,201,105
6,CR,5,8192000,76,254
6,CR,5,8192000,111,72
6,CR,5,8192000,46,198
6,CR,5,8192000,134,131
6,CR,5,8192000,133,215
6,CR,5,8192000,156,248
6,CR,5,8192000,65,182
6,CR,5,8192000,236,228
6,CR,5,8192000,94,12
6,CR,5,8192000,37,73
6,CR,5,8192000,95,50
6,CR,5,8192000,168,66
6,CR,5,8192000,59,237
6,CR,5,8192000,80,94
6,CR,5,8192000,238,51
6,CR,5,8192000,244,186
6,CR,5,8192000,140,190
6,CR,5,8192000,6,212
6,CR,5,8192000,146,188
6,CR,5,8192000,189,179
6,CR,5,8192000,83,107
6,CR,5,8192000,54,17
6,CR,5,8192000,117,123
6,CR,5,8192000,58,115
6,CR,5,8192000,214,153
6,CR,5,8192000,95,150
6,CR,5,8192000,242,199
6,CR,5,8192000,187,67
6,CR,5,8192000,182,249
6,CR,5,8192000,250,255
6,CR,5,8192000,233,174
6,CR,5,8192000,55,101
6,CR,5,8192000,16,62
6,CR,5,8192000,122,239
6,CR,5,8192000,100,193
6,CR,5,8192000,149,1
6,CR,5,8192000,19,249
6,CR,5,8192000,52,8
6,CR,5,8192000,42,217
6,CR,5,8192000,218,197
6,CR,5,8192000,121,117
6,CR,5,8192000,46,125
6,CR,5,8192000,146,119
6,CR,5,8192000,14,11
6,CR,5,8192000,75,211
6,CR,5,8192000,226,177
6,CR,5,8192000,200,201
6,CR,5,8192000,214,196
6,CR,5,8192000,213,119
6,CR,5,8192000,16,150
6,CR,5,8192000,138,176
6,CR,5,8192000,194,228
6,CR,5,8192000,11,169
6,CR,5,8192000,160,104
6,CR,5,8192000,184,36
6,CR,5,128000,47,108
6,CR,5,128000,233,175
6,CR,5,128000,135,190
6,CR,5,128000,192,19
6,CR,5,128000,245,237
6,CR,5,128000,169,11
6,CR,5,128000,89,65
6,CR,5,128000,145,71
6,CR,5,128000,51,67
6,CR,5,128000,3,53
6,CR,5,128000,82,219
6,CR,5,128000,199,159
6,CR,5,128000,179,195
6,CR,5,128000,72,52
6,CR,5,128000,49,225
6,CR,5,128000,155,158
6,CR,5,128000,125,121
6,CR,5,128000,223,12
6,CR,5,128000,84,56
6,CR,5,128000,111,28
6,CR,5,128000,253,58
6,CR,5,128000,253,140
6,CR,5,128000,160,43
6,CR,5,128000,161,109
6,CR,5,128000,234,78
6,CR,5,128000,173,122
6,CR,5,128000,224,84
6,CR,5,128000,219,102
6,CR,5,128000,210,75
6,CR,5,128000,51,206
6,CR,5,128000,115,67
6,CR,5,128000,156,14
6,CR,5,128000,100,99
6,CR,5,128000,47,201
6,CR,5,128000,89,111
6,CR,5,128000,227,108
6,CR,5,128000,219,29
6,CR,5,128000,75,117
6,CR,5,128000,123,236
6,CR,5,128000,152,186
6,CR,5,128000,190,56
6,CR,5,128000,155,145
6,CR,5,128000,7,228
6,CR,5,128000,35,223
6,CR,5,128000,25,223
6,CR,5,128000,232,15
6,CR,5,128000,196,19
6,CR,5,128000,132,43
6,CR,5,128000,71,153
6,CR,5,128000,158,198
6,CR,5,128000,91,112
6,CR,5,128000,168,226
6,CR,5,128000,199,171
6,CR,5,128000,50,149
6,CR,5,128000,174,189
6,CR,5,128000,77,213
6,CR,5,128000,104,74
6,CR,5,128000,84,210
6,CR,5,128000,181,172
6,CR,5,128000,155,179
6,CR,5,128000,252,8
6,CR,5,128000,156,14
6,CR,5,128000,79,59
6,CR,5,128000,223,159
6,CR,5,128000,71,123
6,CR,5,128000,76,253
6,CR,5,128000,149,42
6,CR,5,128000,240,235
6,CR,5,128000,63,140
6,CR,5,128000,29,139
6,CR,5,128000,24,240
6,CR,5,128000,4,0
6,CR,5,128000,224,253
6,CR,5,128000,200,60
6,CR,5,128000,109,122
6,CR,5,128000,116,122
6,CR,5,128000,248,142
6,CR,5,128000,215,46
6,CR,5,128000,140,243
6,CR,5,128000,200,88
6,CR,5,128000,160,111
6,CR,5,128000,80,38
6,CR,5,128000,143,193
6,CR,5,128000,131,26
6,CR,5,128000,60,78
6,CR,5,128000,2,113
6,CR,5,128000,106,9
6,CR,5,128000,205,56
6,CR,5,128000,141,105
6,CR,5,128000,77,129
6,CR,5,128000,163,68
6,CR,5,128000,122,214
6,CR,5,128000,102,9
6,CR,5,128000,93,116
6,CR,5,128000,40,179
6,CR,5,128000,81,177
6,CR,5,128000,82,169
6,CR,5,128000,18,13
6,CR,5,128000,57,157
6,CR,5,128000,31,148
6,CR,5,128000,193,7
6,CR,5,128000,192,14
6,CR,5,128000,106,31
6,CR,5,128000,86,150
6,CR,5,128000,43,22
6,CR,5,128000,255,157
6,CR,5,128000,214,155
6,CR,5,128000,15,147
6,CR,5,128000,179,44
6,CR,5,128000,215,238
6,CR,5,128000,94,112
6,CR,5,128000,64,33
6,CR,5,128000,50,163
6,CR,5,128000,109,36
6,CR,5,128000,76,209
6,CR,5,128000,4,161
6,CR,5,128000,199,18
6,CR,5,128000,107,32
6,CR,5,128000,7,219
6,CR,5,128000,77,92
6,CR,5,128000,48,213
6,CR,5,128000,195,79
6,CR,5,128000,140,73
6,CR,5,128000,234,16
6,CR,5,128000,92,244
6,CR,5,128000,159,82
6,CR,5,128000,117,249
6,CR,5,128000,221,118
6,CR,5,128000,116,133
6,CR,5,128000,223,72
6,CR,5,128000,67,191
6,CR,5,128000,5,222
6,CR,5,128000,71,66
6,CR,5,128000,27,206
6,CR,5,128000,201,117
6,CR,5,128000,136,6
6,CR,5,128000,27,74
6,CR,5,128000,38,17
6,CR,5,128000,152,213
6,CR,5,128000,253,68
6,CR,5,128000,85,96
6,CR,5,128000,161,101
6,CR,5,128000,228,65
6,CR,5,128000,12,6
6,CR,5,128000,43,89
6,CR,5,128000,66,247
6,CR,5,128000,108,33
6,CR,5,128000,149,108
6,CR,5,128000,219,255
6,CR,5,128000,207,216
6,CR,5,128000,206,104
6,CR,5,128000,111,213
6,CR,5,128000,209,118
6,CR,5,128000,195,42
6,CR,5,128000,19,221
6,CR,5,128000,57,67
6,CR,5,128000,99,22
6,CR,5,128000,231,23
6,CR,5,128000,120,251
6,CR,5,128000,208,62
6,CR,5,128000,184,206
6,CR,5,128000,75,150
6,CR,5,128000,81,205
6,CR,5,128000,219,83
6,CR,5,128000,32,74
6,CR,5,128000,135,130
6,CR,5,128000,59,10
6,CR,5,128000,179,2
6,CR,5,128000,143,223
6,CR,5,128000,146,156
6,CR,5,128000,104,131
6,CR,5,128000,188,26
6,CR,5,128000,109,108
6,CR,5,128000,78,98
6,CR,5,128000,164,234
6,CR,5,128000,181,115
6,CR,5,128000,235,253
6,CR,5,128000,232,179
6,CR,5,128000,204,132
6,CR,5,128000,16,157
6,CR,5,128000,114,50
6,CR,5,128000,63,74
6,CR,5,128000,253,160
6,CR,5,128000,230,19
6,CR,5,128000,92,83
6,CR,5,128000,175,165
6,CR,5,128000,65,96
6,CR,5,128000,206,234
6,CR,5,128000,225,88
6,CR,5,128000,101,105
6,CR,5,128000,10,170
6,CR,5,128000,134,148
6,CR,5,128000,159,46
6,CR,5,128000,50,155
6,CR,5,128000,230,163
6,CR,5,128000,210,164
6,CR,5,128000,240,113
6,CR,5,128000,70,42
6,CR,5,128000,62,236
6,CR,5,128000,248,86
6,CR,5,128000,14,102
6,CR,5,128000,53,177
6,CR,5,128000,198,65
6,CR,5,128000,249,212
6,CR,5,128000,166,3
6,CR,5,128000,129,148
6,CR,5,128000,57,246
6,CR,5,128000,223,238
6,CR,5,128000,157,163
6,CR,5,128000,246,205
6,CR,5,128000,239,222
6,CR,5,128000,200,89
6,CR,5,128000,220,134
6,CR,5,128000,220,45
6,CR,5,128000,247,87
6,CR,5,128000,6,84
6,CR,5,128000,234,197
6,CR,5,128000,166,206
6,CR,5,128000,56,27
6,CR,5,128000,74,228
6,CR,5,128000,111,132
6,CR,5,128000,133,193
6,CR,5,128000,233,159
6,CR,5,128000,255,49
6,CR,5,128000,92,64
6,CR,5,128000,59,133
6,CR,5,128000,106,8
6,CR,5,128000,144,82
6,CR,5,128000,197,90
6,CR,5,128000,54,110
6,CR,5,128000,151,128
6,CR,5,128000,76,109
6,CR,5,128000,15,150
6,CR,5,128000,97,7
6,CR,5,128000,216,184
6,CR,5,128000,88,203
6,CR,5,128000,244,146
6,CR,5,128000,47,212
6,CR,5,128000,212,37
6,CR,5,128000,209,109
6,CR,5,128000,112,251
6,CR,5,128000,94,11
6,CR,5,128000,212,240
6,CR,5,128000,180,168
6,CR,5,128000,3,147
6,CR,5,128000,164,77
6,CR,5,128000,41,119
6,CR,5,128000,181,179
6,CR,5,128000,1,28
6,CR,5,128000,123,24
6,CR,5,128000,194,60
6,CR,5,128000,36,186
6,CR,5,128000,8,96
6,CR,5,128000,22,212
6,CR,5,128000,59,59
6,CR,5,128000,21,95
6,CR,5,128000,206,227
6,CR,5,128000,175,99
6,CR,5,128000,1,156
6,CR,5,128000,40,246
6,CR,5,128000,206,135
6,CR,5,128000,32,106
6,CR,5,128000,222,29
6,CR,5,128000,92,66
6,CR,5,128000,93,14
6,CR,5,128000,17,99
6,CR,5,128000,113,143
6,CR,5,128000,245,23
6,CR,5,128000,237,121
6,CR,5,128000,38,38
6,CR,5,128000,125,236
6,CR,5,128000,15,139
6,CR,5,128000,130,111
6,CR,5,128000,162,133
6,CR,5,128000,197,151
6,CR,5,128000,252,99
6,CR,5,128000,137,57
6,CR,5,128000,1,190
6,CR,5,128000,55,53
6,CR,5,128000,208,222
6,CR,5,128000,66,169
6,CR,5,128000,158,69
6,CR,5,128000,242,79
6,CR,5,128000,103,161
6,CR,5,128000,237,250
6,CR,5,128000,84,11
6,CR,5,128000,252,138
6,CR,5,128000,128,93
6,CR,5,128000,64,124
6,CR,5,128000,206,183
6,CR,5,128000,211,121
6,CR,5,128000,165,130
6,CR,5,128000,103,112
6,CR,5,128000,102,37
6,CR,5,128000,97,49
6,CR,5,128000,17,80
6,CR,5,128000,42,231
6,CR,5,128000,248,57
6,CR,5,128000,164,78
6,CR,5,128000,52,233
6,CR,5,128000,254,95
6,CR,5,128000,37,22
6,CR,5,128000,159,244
6,CR,5,128000,75,130
6,CR,5,128000,171,160
6,CR,5,128000,27,67
6,CR,5,128000,166,170
6,CR,5,128000,162,187
6,CR,5,128000,96,209
6,CR,5,128000,75,245
6,CR,5,128000,218,226
6,CR,5,128000,165,182
6,CR,5,128000,210,131
6,CR,5,128000,217,241
6,CR,5,128000,61,118
6,CR,5,128000,95,114
6,CR,5,128000,160,160
6,CR,5,128000,34,252
6,CR,5,128000,59,165
6,CR,5,128000,143,61
6,CR,5,128000,89,62
6,CR,5,128000,70,96
6,CR,5,128000,22,103
6,CR,5,128000,2,7
6,CR,5,128000,162,153
6,CR,5,128000,154,76
6,CR,5,128000,88,136
6,CR,5,128000,2,253
6,CR,5,128000,162,152
6,CR,5,128000,189,59
6,CR,5,128000,63,151
6,CR,5,128000,129,48
6,CR,5,128000,238,178
6,CR,5,128000,185,35
6,CR,5,128000,172,71
6,CR,5,128000,245,29
6,CR,5,128000,158,244
6,CR,5,128000,189,167
6,CR,5,128000,72,41
6,CR,5,128000,44,97
6,CR,5,128000,36,128
6,CR,5,128000,35,37
6,CR,5,128000,218,88
6,CR,5,128000,66,189
6,CR,5,128000,159,248
6,CR,5,128000,38,153
6,CR,5,128000,251,213
6,CR,5,128000,185,25
6,CR,5,128000,119,127
6,CR,5,128000,155,74
6,CR,5,128000,6,11
6,CR,5,128000,199,77
6,CR,5,128000,78,190
6,CR,5,128000,226,71
6,CR,5,128000,174,197
6,CR,5,128000,152,98
6,CR,5,128000,102,240
6,CR,5,128000,152,98
6,CR,5,128000,151,22
6,CR,5,128000,168,185
6,CR,5,128000,226,13
6,CR,5,128000,188,139
6,CR,5,128000,160,127
6,CR,5,128000,190,100
6,CR,5,128000,250,133
6,CR,5,128000,178,96
6,CR,5,128000,229,115
6,CR,5,128000,226,225
6,CR,5,128000,139,19
6,CR,5,128000,218,58
6,CR,5,128000,97,234
6,CR,5,128000,18,231
6,CR,5,128000,141,145
6,CR,5,128000,132,106
6,CR,5,128000,190,123
6,CR,5,128000,131,101
6,CR,5,128000,171,157
6,CR,5,128000,236,181
6,CR,5,128000,4,64
6,CR,5,128000,70,118
6,CR,5,128000,63,152
6,CR,5,128000,148,29
6,CR,5,128000,175,171
6,CR,5,128000,94,134
6,CR,5,128000,68,20
6,CR,5,128000,242,87
6,CR,5,128000,212,222
6,CR,5,128000,198,219
6,CR,5,128000,156,248
6,CR,5,128000,93,250
6,CR,5,128000,41,57
6,CR,5,128000,212,213
6,CR,5,128000,224,94
6,CR,5,128000,233,55
6,CR,5,128000,9,107
6,CR,5,128000,94,88
6,CR,5,128000,4,36
6,CR,5,128000,117,179
6,CR,5,128000,100,101
6,CR,5,128000,96,150
6,CR,5,128000,211,69
6,CR,5,128000,61,181
6,CR,5,128000,163,228
6,CR,5,128000,37,234
6,CR,5,128000,148,200
6,CR,5,128000,247,203
6,CR,5,128000,25,206
6,CR,5,128000,154,58
6,CR,5,128000,30,79
6,CR,5,128000,35,234
6,CR,5,128000,213,168
6,CR,5,128000,148,123
6,CR,5,128000,46,77
6,CR,5,128000,179,194
6,CR,5,128000,26,216
6,CR,5,128000,167,229
6,CR,5,128000,128,60
6,CR,5,128000,103,233
6,CR,5,128000,250,218
6,CR,5,128000,96,182
6,CR,5,128000,11,87
6,CR,5,128000,42,183
6,CR,5,128000,237,88
6,CR,5,128000,149,24
6,CR,5,128000,53,233
6,CR,5,128000,148,126
6,CR,5,128000,35,153
6,CR,5,128000,78,253
6,CR,5,128000,114,106
6,CR,5,128000,198,217
6,CR,5,128000,47,149
6,CR,5,128000,167,225
6,CR,5,128000,243,1
6,CR,5,128000,6,76
6,CR,5,128000,11,239
6,CR,5,128000,125,162
6,CR,5,128000,132,241
6,CR,5,128000,119,37
6,CR,5,128000,229,102
6,CR,5,128000,41,73
6,CR,5,128000,226,15
6,CR,5,128000,62,112
6,CR,5,128000,225,29
6,CR,5,128000,236,165
6,CR,5,128000,95,147
6,CR,5,128000,176,100
6,CR,5,128000,32,8
6,CR,5,128000,7,104
6,CR,5,128000,62,230
6,CR,5,128000,163,190
6,CR,5,128000,19,203
6,CR,5,128000,106,254
6,CR,5,128000,30,229
6,CR,5,128000,56,129
6,CR,5,128000,47,48
6,CR,5,128000,122,181
6,CR,5,128000,69,202
6,CR,5,128000,53,245
6,CR,5,128000,54,12
6,CR,5,128000,16,247
6,CR,5,128000,49,32
6,CR,5,128000,22,189
6,CR,5,128000,251,171
6,CR,5,128000,151,8
6,CR,5,128000,255,113
6,CR,5,128000,174,227
6,CR,5,128000,230,93
6,CR,5,128000,45,229
6,CR,5,128000,7,241
6,CR,5,128000,174,34
6,CR,5,128000,200,131
6,CR,5,128000,7,102
6,CR,5,128000,63,173
6,CR,5,128000,178,224
6,CR,5,128000,41,208
6,CR,5,128000,176,148
6,CR,5,128000,156,8
6,CR,5,128000,98,160
6,CR,5,128000,53,115
6,CR,5,128000,206,161
6,CR,5,128000,243,136
6,CR,5,128000,10,179
6,CR,5,128000,252,96
6,CR,5,128000,101,76
6,CR,5,128000,177,69
6,CR,5,128000,146,177
6,CR,5,128000,71,129
6,CR,5,128000,61,220
6,CR,5,128000,179,130
6,CR,5,128000,75,240
6,CR,5,128000,55,111
6,CR,5,128000,6,99
6,CR,5,128000,244,145
6,CR,5,128000,248,102
6,CR,5,128000,84,174
6,CR,5,128000,12,187
6,CR,5,128000,69,118
6,CR,5,128000,9,61
6,CR,5,128000,128,155
6,CR,5,128000,206,168
6,CR,5,128000,85,24
6,CR,5,128000,88,246
6,CR,5,128000,209,67
6,CR,5,128000,181,142
6,CR,5,128000,253,38
6,CR,5,128000,191,116
6,CR,5,128000,92,108
6,CR,5,128000,166,199
6,CR,5,128000,98,60
6,CR,5,128000,193,118
6,CR,5,128000,58,111
6,CR,5,128000,26,157
6,CR,5,128000,126,83
6,CR,5,128000,94,113
6,CR,5,128000,55,242
6,CR,5,128000,98,144
6,CR,5,128000,185,97
6,CR,5,128000,82,63
6,CR,5,128000,75,72
6,CR,5,128000,168,219
6,CR,5,128000,179,76
6,CR,5,128000,237,79
6,CR,5,128000,106,147
6,CR,5,128000,92,117
6,CR,5,128000,136,217
6,CR,5,128000,235,205
6,CR,5,128000,199,59
6,CR,5,128000,155,67
6,CR,5,128000,59,89
6,CR,5,128000,167,216
6,CR,5,128000,134,150
6,CR,5,128000,61,157
6,CR,5,128000,44,133
6,CR,5,128000,172,44
6,CR,5,128000,154,102
6,CR,5,128000,172,252
6,CR,5,128000,195,60
6,CR,5,128000,240,46
6,CR,5,128000,14,20
6,CR,5,128000,179,199
6,CR,5,128000,153,201
6,CR,5,128000,131,224
6,CR,5,128000,166,197
6,CR,5,128000,102,31
6,CR,5,128000,131,81
6,CR,5,128000,241,11
6,CR,5,128000,143,92
6,CR,5,128000,146,166
6,CR,5,128000,61,8
6,CR,5,128000,89,92
6,CR,5,128000,103,28
6,CR,5,128000,131,127
6,CR,5,128000,97,25
6,CR,5,128000,20,40
6,CR,5,128000,7,220
6,CR,5,128000,208,33
6,CR,5,128000,40,31
6,CR,5,128000,5,108
6,CR,5,128000,245,168
6,CR,5,128000,161,210
6,CR,5,128000,144,95
6,CR,5,128000,174,86
6,CR,5,128000,70,170
6,CR,5,128000,71,68
6,CR,5,128000,80,164
6,CR,5,128000,38,215
6,CR,5,128000,141,67
6,CR,5,128000,153,99
6,CR,5,128000,253,5
6,CR,5,128000,11,235
6,CR,5,128000,87,108
6,CR,5,128000,116,95
6,CR,5,128000,20,121
6,CR,5,128000,187,219
6,CR,5,128000,126,120
6,CR,5,128000,12,101
6,CR,5,128000,153,82
6,CR,5,128000,192,41
6,CR,5,128000,44,163
6,CR,5,128000,240,20
6,CR,5,128000,245,157
6,CR,5,128000,125,98
6,CR,5,128000,241,117
6,CR,5,128000,8,66
6,CR,5,128000,108,174
6,CR,5,128000,153,19
6,CR,5,128000,204,220
6,CR,5,128000,237,251
6,CR,5,128000,49,10
6,CR,5,128000,99,52
6,CR,5,128000,176,156
6,CR,5,128000,93,0
6,CR,5,128000,40,141
6,CR,5,128000,162,104
6,CR,5,128000,249,102
6,CR,5,128000,22,141
6,CR,5,128000,62,131
6,CR,5,128000,31,254
6,CR,5,128000,144,136
6,CR,5,128000,116,189
6,CR,5,128000,241,173
6,CR,5,128000,228,60
6,CR,5,128000,206,198
6,CR,5,128000,79,229
6,CR,5,128000,123,106
6,CR,5,128000,117,127
6,CR,5,128000,170,222
6,CR,5,128000,239,101
6,CR,5,128000,113,98
6,CR,5,128000,207,232
6,CR,5,128000,131,131
6,CR,5,128000,66,134
6,CR,5,128000,12,37
6,CR,5,128000,191,186
6,CR,5,128000,46,133
6,CR,5,128000,234,215
6,CR,5,128000,175,29
6,CR,5,128000,221,84
6,CR,5,128000,11,239
6,CR,5,128000,181,101
6,CR,5,128000,134,216
6,CR,5,128000,43,59
6,CR,5,128000,185,191
6,CR,5,128000,16,104
6,CR,5,128000,198,112
6,CR,5,128000,28,238
6,CR,5,128000,51,37
6,CR,5,128000,31,30
6,CR,5,128000,7,72
6,CR,5,128000,139,231
6,CR,5,128000,216,249
6,CR,5,128000,126,87
6,CR,5,128000,45,169
6,CR,5,128000,17,10
6,CR,5,128000,117,244
6,CR,5,128000,17,94
6,CR,5,128000,98,182
6,CR,5,128000,153,5
6,CR,5,128000,251,5
6,CR,5,128000,208,40
6,CR,5,128000,44,249
6,CR,5,128000,199,185
6,CR,5,128000,231,44
6,CR,5,128000,42,81
6,CR,5,128000,159,165
6,CR,5,128000,54,89
6,CR,5,128000,35,93
6,CR,5,128000,251,203
6,CR,5,128000,108,196
6,CR,5,128000,222,245
6,CR,5,128000,125,129
6,CR,5,128000,135,247
6,CR,5,128000,252,247
6,CR,5,128000,12,133
6,CR,5,128000,64,10
6,CR,5,128000,164,199
6,CR,5,128000,147,113
6,CR,5,128000,55,113
6,CR,5,128000,126,225
6,CR,5,128000,91,126
6,CR,5,128000,202,12
6,CR,5,128000,10,41
6,CR,5,128000,107,254
6,CR,5,128000,206,170
6,CR,5,128000,11,63
6,CR,5,128000,206,222
6,CR,5,128000,47,212
6,CR,5,128000,12,222
6,CR,5,128000,227,123
6,CR,5,128000,17,221
6,CR,5,128000,135,199
6,CR,5,128000,51,13
6,CR,5,128000,234,105
6,CR,5,128000,208,87
6,CR,5,128000,147,171
6,CR,5,128000,6,188
6,CR,5,128000,19,215
6,CR,5,128000,120,29
6,CR,5,128000,40,99
6,CR,5,128000,62,28
6,CR,5,128000,25,96
6,CR,5,128000,14,103
6,CR,5,128000,74,212
6,CR,5,128000,100,80
6,CR,5,128000,46,50
6,CR,5,128000,116,175
6,CR,5,128000,39,103
6,CR,5,128000,139,91
6,CR,5,128000,73,206
6,CR,5,128000,182,49
6,CR,5,128000,246,147
6,CR,5,128000,222,65
6,CR,5,128000,182,85
6,CR,5,128000,40,77
6,CR,5,128000,180,215
6,CR,5,128000,190,20
6,CR,5,128000,52,119
6,CR,5,128000,117,33
6,CR,5,128000,26,8
6,CR,5,128000,18,214
6,CR,5,128000,114,160
6,CR,5,128000,92,10
6,CR,5,128000,182,248
6,CR,5,128000,255,111
6,CR,5,128000,240,2
6,CR,5,128000,182,151
6,CR,5,128000,110,93
6,CR,5,128000,96,144
6,CR,5,128000,230,126
6,CR,5,128000,74,20
6,CR,5,128000,101,214
6,CR,5,128000,14,91
6,CR,5,128000,88,67
6,CR,5,128000,180,55
6,CR,5,128000,136,36
6,CR,5,128000,65,129
6,CR,5,128000,131,34
6,CR,5,128000,92,145
6,CR,5,128000,71,45
6,CR,5,128000,150,32
6,CR,5,128000,0,245
6,CR,5,128000,96,35
6,CR,5,128000,3,40
6,CR,5,128000,225,48
6,CR,5,128000,49,207
6,CR,5,128000,122,153
6,CR,5,128000,198,245
6,CR,5,128000,36,252
6,CR,5,128000,191,176
6,CR,5,128000,120,164
6,CR,5,128000,147,179
6,CR,5,128000,201,142
6,CR,5,128000,157,106
6,CR,5,128000,245,128
6,CR,5,128000,35,243
6,CR,5,128000,245,174
6,CR,5,128000,155,105
6,CR,5,128000,174,118
6,CR,5,128000,57,100
6,CR,5,128000,128,70
6,CR,5,128000,177,229
6,CR,5,128000,62,85
6,CR,5,128000,185,176
6,CR,5,128000,35,69
6,CR,5,128000,187,72
6,CR,5,128000,62,161
6,CR,5,128000,189,237
6,CR,5,128000,172,239
6,CR,5,128000,206,233
6,CR,5,128000,88,73
6,CR,5,128000,74,153
6,CR,5,128000,233,183
6,CR,5,128000,23,135
6,CR,5,128000,243,21
6,CR,5,128000,97,23
6,CR,5,128000,205,101
6,CR,5,128000,206,133
6,CR,5,128000,98,2
6,CR,5,128000,230,253
6,CR,5,128000,119,46
6,CR,5,128000,55,233
6,CR,5,128000,173,36
6,CR,5,128000,126,22
6,CR,5,128000,181,152
6,CR,5,128000,227,3
6,CR,5,128000,64,253
6,CR,5,128000,150,193
6,CR,5,128000,244,188
6,CR,5,128000,119,59
6,CR,5,128000,135,13
6,CR,5,128000,227,249
6,CR,5,128000,228,237
6,CR,5,128000,220,13
6,CR,5,128000,154,241
6,CR,5,128000,5,222
6,CR,5,128000,97,84
6,CR,5,128000,99,57
6,CR,5,128000,142,174
6,CR,5,128000,133,38
6,CR,5,128000,79,37
6,CR,5,128000,178,1
6,CR,5,128000,236,147
6,CR,5,128000,3,131
6,CR,5,128000,79,119
6,CR,5,128000,219,98
6,CR,5,128000,20,187
6,CR,5,128000,183,197
6,CR,5,128000,43,107
6,CR,5,128000,172,180
6,CR,5,128000,78,208
6,CR,5,128000,144,229
6,CR,5,128000,242,65
6,CR,5,128000,169,239
6,CR,5,128000,69,220
6,CR,5,128000,176,205
6,CR,5,128000,223,97
6,CR,5,128000,9,30
6,CR,5,128000,157,131
6,CR,5,128000,90,146
6,CR,5,128000,203,28
6,CR,5,128000,145,244
6,CR,5,128000,103,7
6,CR,5,128000,10,49
6,CR,5,128000,84,21
6,CR,5,128000,78,83
6,CR,5,128000,239,138
6,CR,5,128000,144,134
6,CR,5,128000,116,78
6,CR,5,128000,122,200
6,CR,5,128000,116,161
6,CR,5,128000,40,248
6,CR,5,128000,128,82
6,CR,5,128000,97,9
6,CR,5,128000,60,118
6,CR,5,128000,232,74
6,CR,5,128000,146,114
6,CR,5,128000,152,29
6,CR,5,128000,217,15
6,CR,5,128000,153,52
6,CR,5,128000,159,206
6,CR,5,128000,149,19
6,CR,5,128000,213,67
6,CR,5,128000,29,89
6,CR,5,128000,167,3
6,CR,5,128000,211,127
6,CR,5,128000,161,79
6,CR,5,128000,191,124
6,CR,5,128000,225,36
6,CR,5,128000,246,213
6,CR,5,128000,105,132
6,CR,5,128000,140,49
6,CR,5,128000,42,118
6,CR,5,128000,188,124
6,CR,5,128000,228,84
6,CR,5,128000,139,44
6,CR,5,128000,32,33
6,CR,5,128000,116,125
6,CR,5,128000,0,100
6,CR,5,128000,17,135
6,CR,5,128000,107,96
6,CR,5,128000,113,219
6,CR,5,128000,209,13
6,CR,5,128000,217,159
6,CR,5,128000,117,145
6,CR,5,128000,19,25
6,CR,5,128000,5,212
6,CR,5,128000,120,153
6,CR,5,128000,186,181
6,CR,5,128000,1,239
6,CR,5,128000,152,127
6,CR,5,128000,44,10
6,CR,5,128000,20,116
6,CR,5,128000,84,136
6,CR,5,128000,142,84
6,CR,5,128000,153,209
6,CR,5,128000,217,66
6,CR,5,128000,252,96
6,CR,5,128000,212,128
6,CR,5,128000,21,197
6,CR,5,128000,194,64
6,CR,5,128000,25,61
6,CR,5,128000,185,57
6,CR,5,128000,63,201
6,CR,5,128000,160,49
6,CR,5,128000,199,157
6,CR,5,128000,124,60
6,CR,5,128000,158,146
6,CR,5,128000,7,206
6,CR,5,128000,236,164
6,CR,5,128000,48,93
6,CR,5,128000,103,88
6,CR,5,128000,34,129
6,CR,5,128000,202,30
6,CR,5,128000,95,207
6,CR,5,128000,135,117
6,CR,5,128000,110,169
6,CR,5,128000,28,143
6,CR,5,128000,112,206
6,CR,5,128000,189,32
6,CR,5,128000,11,212
6,CR,5,128000,80,63
6,CR,5,128000,5,14
6,CR,5,128000,20,185
6,CR,5,128000,99,80
6,CR,5,128000,30,157
6,CR,5,128000,174,62
6,CR,5,128000,117,44
6,CR,5,128000,59,221
6,CR,5,128000,197,84
6,CR,5,128000,42,168
6,CR,5,128000,122,185
6,CR,5,128000,61,28
6,CR,5,128000,103,76
6,CR,5,128000,34,105
6,CR,5,128000,59,154
6,CR,5,128000,0,39
6,CR,5,128000,114,84
6,CR,5,128000,167,147
6,CR,5,128000,252,62
6,CR,5,128000,239,77
6,CR,5,128000,19,86
6,CR,5,128000,192,32
6,CR,5,128000,218,202
6,CR,5,128000,8,70
6,CR,5,128000,230,106
6,CR,5,128000,133,7
6,CR,5,128000,118,161
6,CR,5,128000,43,123
6,CR,5,128000,184,103
6,CR,5,128000,73,58
6,CR,5,128000,29,161
6,CR,5,128000,223,121
6,CR,5,128000,96,83
6,CR,5,128000,40,140
6,CR,5,128000,180,90
6,CR,5,128000,15,186
6,CR,5,128000,168,239
6,CR,5,128000,74,20
6,CR,5,128000,203,116
6,CR,5,128000,212,34
6,CR,5,128000,194,211
6,CR,5,128000,129,211
6,CR,5,128000,228,213
6,CR,5,128000,26,136
6,CR,5,128000,106,214
6,CR,5,128000,143,135
6,CR,5,128000,73,10
6,CR,5,128000,36,144
6,CR,5,128000,186,173
6,CR,5,128000,188,3
6,CR,5,128000,91,22
6,CR,5,128000,108,62
6,CR,5,128000,118,58
6,CR,5,128000,152,169
6,CR,5,128000,130,16
6,CR,5,128000,187,249
6,CR,5,128000,247,211
6,CR,5,128000,248,164
6,CR,5,128000,170,61
6,CR,5,128000,188,47
6,CR,5,128000,242,131
6,CR,5,128000,220,21
6,CR,5,128000,175,65
6,CR,5,128000,125,156
6,CR,5,128000,137,71
6,CR,5,128000,222,171
6,CR,5,128000,96,54
6,CR,5,128000,5,243
6,CR,5,128000,81,29
6,CR,5,128000,239,169
6,CR,5,128000,191,57
6,CR,5,128000,253,10
6,CR,5,128000,226,50
6,CR,5,128000,61,34
6,CR,5,128000,127,205
6,CR,5,128000,98,203
6,CR,5,128000,81,156
6,CR,5,128000,74,104
6,CR,5,128000,59,158
6,CR,5,128000,29,70
6,CR,5,128000,159,225
6,CR,5,128000,115,203
6,CR,5,128000,237,245
6,CR,5,128000,0,75
6,CR,5,128000,154,30
6,CR,5,128000,7,40
6,CR,5,128000,79,105
6,CR,5,128000,75,227
6,CR,5,128000,30,153
6,CR,5,128000,62,216
6,CR,5,128000,139,104
6,CR,5,128000,58,73
6,CR,5,128000,13,35
6,CR,5,128000,221,122
6,CR,5,128000,156,36
6,CR,5,128000,88,28
6,CR,5,128000,84,219
6,CR,5,128000,86,31
6,CR,5,128000,37,62
6,CR,5,128000,61,170
6,CR,5,128000,130,169
6,CR,5,128000,162,204
6,CR,5,128000,208,76
6,CR,5,128000,34,121
6,CR,5,128000,65,180
6,CR,5,128000,69,89
6,CR,5,128000,238,244
6,CR,5,128000,74,120
6,CR,5,128000,65,139
6,CR,5,128000,186,12
6,CR,5,128000,182,63
6,CR,5,128000,247,167
6,CR,5,128000,120,34
6,CR,5,128000,13,219
6,CR,5,128000,89,198
6,CR,5,128000,68,145
6,CR,5,128000,141,144
6,CR,5,128000,142,194
6,CR,5,128000,38,52
6,CR,5,128000,119,183
6,CR,5,2048000,7,198
6,CR,5,2048000,25,26
6,CR,5,2048000,84,232
6,CR,5,2048000,22,109
6,CR,5,2048000,136,15
6,CR,5,2048000,177,187
6,CR,5,2048000,106,66
6,CR,5,2048000,191,220
6,CR,5,2048000,96,23
6,CR,5,2048000,185,196
6,CR,5,2048000,232,99
6,CR,5,2048000,224,158
6,CR,5,2048000,155,189
6,CR,5,2048000,113,62
6,CR,5,2048000,165,106
6,CR,5,2048000,216,31
6,CR,5,2048000,116,252
6,CR,5,2048000,125,110
6,CR,5,2048000,116,234
6,CR,5,2048000,2,166
6,CR,5,2048000,207,85
6,CR,5,2048000,117,6
6,CR,5,2048000,230,162
6,CR,5,2048000,106,201
6,CR,5,2048000,12,127
6,CR,5,2048000,113,205
6,CR,5,2048000,109,17
6,CR,5,2048000,181,134
6,CR,5,2048000,213,164
6,CR,5,2048000,53,109
6,CR,5,2048000,31,18
6,CR,5,2048000,228,40
6,CR,5,2048000,173,63
6,CR,5,2048000,125,19
6,CR,5,2048000,56,167
6,CR,5,2048000,14,80
6,CR,5,2048000,5,164
6,CR,5,2048000,195,71
6,CR,5,2048000,74,32
6,CR,5,2048000,55,99
6,CR,5,2048000,10,205
6,CR,5,2048000,150,63
6,CR,5,2048000,220,136
6,CR,5,2048000,252,114
6,CR,5,2048000,153,212
6,CR,5,2048000,104,152
6,CR,5,2048000,207,147
6,CR,5,2048000,216,196
6,CR,5,2048000,144,176
6,CR,5,2048000,189,249
6,CR,5,2048000,42,212
6,CR,5,2048000,165,147
6,CR,5,2048000,191,56
6,CR,5,2048000,80,118
6,CR,5,2048000,248,63
6,CR,5,2048000,216,104
6,CR,5,2048000,67,140
6,CR,5,2048000,109,50
6,CR,5,2048000,46,40
6,CR,5,2048000,41,236
6,CR,5,2048000,93,114
6,CR,5,2048000,58,19
6,CR,5,2048000,12,60
6,CR,5,2048000,6,237
6,CR,5,2048000,228,101
6,CR,5,2048000,52,169
6,CR,5,2048000,9,125
6,CR,5,2048000,247,190
6,CR,5,2048000,64,222
6,CR,5,2048000,10,91
6,CR,5,2048000,210,139
6,CR,5,2048000,130,111
6,CR,5,2048000,82,167
6,CR,5,2048000,230,29
6,CR,5,2048000,48,22
6,CR,5,2048000,234,168
6,CR,5,2048000,164,228
6,CR,5,2048000,10,102
6,CR,5,2048000,5,118
6,CR,5,2048000,196,57
6,CR,5,2048000,60,97
6,CR,5,2048000,15,254
6,CR,5,2048000,15,35
6,CR,5,2048000,70,123
6,CR,5,2048000,170,38
6,CR,5,2048000,87,143
6,CR,5,2048000,36,78
6,CR,5,2048000,201,71
6,CR,5,2048000,20,216
6,CR,5,2048000,254,202
6,CR,5,2048000,51,122
6,CR,5,2048000,59,20
6,CR,5,2048000,159,233
6,CR,5,2048000,147,157
6,CR,5,2048000,23,114
6,CR,5,2048000,83,99
6,CR,5,2048000,89,79
6,CR,5,2048000,243,47
6,CR,5,2048000,102,250
6,CR,5,2048000,191,59
6,CR,5,2048000,93,235
6,CR,5,2048000,119,239
6,CR,5,2048000,43,174
6,CR,5,2048000,95,56
6,CR,5,2048000,171,105
6,CR,5,2048000,67,100
6,CR,5,2048000,138,79
6,CR,5,2048000,232,94
6,CR,5,2048000,100,200
6,CR,5,2048000,187,122
6,CR,5,2048000,246,188
6,CR,5,2048000,36,18
6,CR,5,2048000,159,83
6,CR,5,2048000,231,161
6,CR,5,2048000,89,46
6,CR,5,2048000,61,57
6,CR,5,2048000,105,213
6,CR,5,2048000,183,80
6,CR,5,2048000,3,253
6,CR,5,2048000,173,76
6,CR,5,2048000,198,134
6,CR,5,2048000,33,193
6,CR,5,2048000,27,92
6,CR,5,2048000,64,3
6,CR,5,2048000,45,94
6,CR,5,2048000,8,210
6,CR,5,2048000,61,178
6,CR,5,2048000,155,117
6,CR,5,2048000,215,54
6,CR,5,2048000,195,168
6,CR,5,2048000,65,4
6,CR,5,2048000,225,25
6,CR,5,2048000,17,47
6,CR,5,2048000,221,139
6,CR,5,2048000,192,193
6,CR,5,2048000,190,160
6,CR,5,2048000,253,99
6,CR,5,2048000,109,58
6,CR,5,2048000,16,14
6,CR,5,2048000,39,145
6,CR,5,2048000,151,31
6,CR,5,2048000,81,243
6,CR,5,2048000,181,228
6,CR,5,2048000,188,242
6,CR,5,2048000,61,5
6,CR,5,2048000,186,97
6,CR,5,2048000,62,231
6,CR,5,2048000,78,103
6,CR,5,2048000,250,251
6,CR,5,2048000,50,16
6,CR,5,2048000,15,99
6,CR,5,2048000,175,212
6,CR,5,2048000,155,3
6,CR,5,2048000,205,161
6,CR,5,2048000,192,237
6,CR,5,2048000,21,214
6,CR,5,2048000,195,55
6,CR,5,2048000,116,250
6,CR,5,2048000,49,60
6,CR,5,2048000,131,247
6,CR,5,2048000,68,40
6,CR,5,2048000,153,34
6,CR,5,2048000,203,146
6,CR,5,2048000,55,246
6,CR,5,2048000,207,159
6,CR,5,2048000,226,181
6,CR,5,2048000,114,70
6,CR,5,2048000,86,221
6,CR,5,2048000,125,5
6,CR,5,2048000,98,13
6,CR,5,2048000,50,62
6,CR,5,2048000,5,120
6,CR,5,2048000,249,110
6,CR,5,2048000,151,55
6,CR,5,2048000,49,161
6,CR,5,2048000,238,199
6,CR,5,2048000,210,71
6,CR,5,2048000,201,60
6,CR,5,2048000,61,247
6,CR,5,2048000,117,238
6,CR,5,2048000,242,83
6,CR,5,2048000,83,47
6,CR,5,2048000,68,101
6,CR,5,2048000,254,61
6,CR,5,2048000,29,233
6,CR,5,2048000,182,74
6,CR,5,2048000,24,211
6,CR,5,2048000,201,85
6,CR,5,2048000,53,65
6,CR,5,2048000,57,163
6,CR,5,2048000,219,208
6,CR,5,2048000,190,249
6,CR,5,2048000,178,80
6,CR,5,2048000,105,1
6,CR,5,2048000,67,88
6,CR,5,2048000,227,36
6,CR,5,2048000,231,63
6,CR,5,2048000,14,218
6,CR,5,2048000,78,240
6,CR,5,2048000,200,248
6,CR,5,2048000,159,116
6,CR,5,2048000,29,204
6,CR,5,2048000,167,174
6,CR,5,2048000,124,138
6,CR,5,2048000,226,182
6,CR,5,2048000,31,37
6,CR,5,2048000,141,24
6,CR,5,2048000,55,203
6,CR,5,2048000,191,150
6,CR,5,2048000,90,179
6,CR,5,2048000,49,112
6,CR,5,2048000,122,20
6,CR,5,2048000,114,149
6,CR,5,2048000,24,129
6,CR,5,2048000,105,142
6,CR,5,2048000,157,80
6,CR,5,2048000,70,188
6,CR,5,2048000,142,148
6,CR,5,2048000,117,66
6,CR,5,2048000,159,134
6,CR,5,2048000,20,36
6,CR,5,2048000,125,226
6,CR,5,2048000,38,150
6,CR,5,2048000,58,126
6,CR,5,2048000,170,62
6,CR,5,2048000,2,161
6,CR,5,2048000,217,199
6,CR,5,2048000,169,250
6,CR,5,2048000,7,41
6,CR,5,2048000,53,128
6,CR,5,2048000,196,151
6,CR,5,2048000,42,170
6,CR,5,2048000,107,136
6,CR,5,2048000,158,99
6,CR,5,2048000,197,4
6,CR,5,2048000,157,232
6,CR,5,2048000,72,226
6,CR,5,2048000,5,149
6,CR,5,2048000,77,29
6,CR,5,2048000,170,112
6,CR,5,2048000,26,12
6,CR,5,2048000,96,254
6,CR,5,2048000,189,130
6,CR,5,2048000,6,123
6,CR,5,2048000,164,222
6,CR,5,2048000,244,21
6,CR,5,2048000,209,160
6,CR,5,2048000,109,62
6,CR,5,2048000,26,5
6,CR,5,2048000,36,31
6,CR,5,2048000,246,38
6,CR,5,2048000,149,141
6,CR,5,2048000,165,100
6,CR,5,2048000,20,183
6,CR,5,2048000,87,113
6,CR,5,2048000,54,242
6,CR,5,2048000,147,115
6,CR,5,2048000,10,64
6,CR,5,2048000,205,94
6,CR,5,2048000,121,113
6,CR,5,2048000,248,154
6,CR,5,2048000,162,74
6,CR,5,2048000,44,91
6,CR,5,2048000,80,27
6,CR,5,2048000,39,110
6,CR,5,2048000,2,87
6,CR,5,2048000,134,196
6,CR,5,2048000,122,69
6,CR,5,2048000,2,46
6,CR,5,2048000,225,210
6,CR,5,2048000,225,213
6,CR,5,2048000,142,80
6,CR,5,2048000,88,234
6,CR,5,2048000,157,141
6,CR,5,2048000,199,238
6,CR,5,2048000,235,252
6,CR,5,2048000,191,56
6,CR,5,2048000,81,37
6,CR,5,2048000,219,69
6,CR,5,2048000,49,29
6,CR,5,2048000,22,70
6,CR,5,2048000,172,101
6,CR,5,2048000,34,0
6,CR,5,2048000,170,91
6,CR,5,2048000,37,105
6,CR,5,2048000,202,166
6,CR,5,2048000,117,49
6,CR,5,2048000,45,56
6,CR,5,2048000,180,37
6,CR,5,2048000,61,18
6,CR,5,2048000,199,177
6,CR,5,2048000,219,148
6,CR,5,2048000,19,38
6,CR,5,2048000,255,23
6,CR,5,2048000,250,176
6,CR,5,2048000,203,54
6,CR,5,2048000,253,169
6,CR,5,2048000,233,41
6,CR,5,2048000,2,196
6,CR,5,2048000,127,199
6,CR,5,2048000,101,217
6,CR,5,2048000,45,138
6,CR,5,2048000,177,180
6,CR,5,2048000,150,122
6,CR,5,2048000,27,185
6,CR,5,2048000,216,168
6,CR,5,2048000,178,156
6,CR,5,2048000,65,140
6,CR,5,2048000,195,239
6,CR,5,2048000,19,59
6,CR,5,2048000,176,34
6,CR,5,2048000,24,113
6,CR,5,2048000,130,64
6,CR,5,2048000,222,184
6,CR,5,2048000,42,164
6,CR,5,2048000,144,159
6,CR,5,2048000,15,63
6,CR,5,2048000,110,141
6,CR,5,2048000,10,4
6,CR,5,2048000,127,214
6,CR,5,2048000,117,132
6,CR,5,2048000,25,64
6,CR,5,2048000,57,104
6,CR,5,2048000,21,45
6,CR,5,2048000,39,225
6,CR,5,2048000,157,154
6,CR,5,2048000,229,158
6,CR,5,2048000,180,248
6,CR,5,2048000,237,168
6,CR,5,2048000,45,114
6,CR,5,2048000,133,161
6,CR,5,2048000,233,239
6,CR,5,2048000,43,219
6,CR,5,2048000,72,157
6,CR,5,2048000,101,72
6,CR,5,2048000,63,99
6,CR,5,2048000,39,97
6,CR,5,2048000,100,10
6,CR,5,2048000,228,61
6,CR,5,2048000,208,247
6,CR,5,2048000,82,226
6,CR,5,2048000,142,130
6,CR,5,2048000,160,197
6,CR,5,2048000,18,122
6,CR,5,2048000,237,197
6,CR,5,2048000,251,252
6,CR,5,2048000,53,73
6,CR,5,2048000,144,202
6,CR,5,2048000,167,183
6,CR,5,2048000,71,150
6,CR,5,2048000,167,115
6,CR,5,2048000,181,58
6,CR,5,2048000,166,217
6,CR,5,2048000,116,250
6,CR,5,2048000,72,79
6,CR,5,2048000,88,48
6,CR,5,2048000,13,166
6,CR,5,2048000,239,190
6,CR,5,2048000,240,37
6,CR,5,2048000,6,159
6,CR,5,2048000,75,52
6,CR,5,2048000,153,196
6,CR,5,2048000,90,231
6,CR,5,2048000,43,156
6,CR,5,2048000,161,193
6,CR,5,2048000,162,172
6,CR,5,2048000,117,246
6,CR,5,2048000,143,89
6,CR,5,2048000,234,111
6,CR,5,2048000,160,81
6,CR,5,2048000,12,56
6,CR,5,2048000,98,155
6,CR,5,2048000,63,139
6,CR,5,2048000,30,221
6,CR,5,2048000,105,61
6,CR,5,2048000,234,92
6,CR,5,2048000,6,95
6,CR,5,2048000,136,233
6,CR,5,2048000,206,241
6,CR,5,2048000,8,207
6,CR,5,2048000,210,71
6,CR,5,2048000,54,213
6,CR,5,2048000,8,101
6,CR,5,2048000,119,129
6,CR,5,2048000,184,157
6,CR,5,2048000,194,121
6,CR,5,2048000,69,22
6,CR,5,2048000,234,54
6,CR,5,2048000,16,96
6,CR,5,2048000,167,210
6,CR,5,2048000,236,141
6,CR,5,2048000,42,124
6,CR,5,2048000,161,13
6,CR,5,2048000,254,91
6,CR,5,2048000,206,162
6,CR,5,2048000,244,73
6,CR,5,2048000,37,208
6,CR,5,2048000,70,57
6,CR,5,2048000,20,162
6,CR,5,2048000,19,101
6,CR,5,2048000,158,72
6,CR,5,2048000,235,68
6,CR,5,2048000,17,210
6,CR,5,2048000,160,231
6,CR,5,2048000,86,61
6,CR,5,2048000,2,30
6,CR,5,2048000,157,221
6,CR,5,2048000,131,178
6,CR,5,2048000,135,19
6,CR,5,2048000,174,134
6,CR,5,2048000,121,197
6,CR,5,2048000,6,27
6,CR,5,2048000,243,235
6,CR,5,2048000,67,176
6,CR,5,2048000,17,51
6,CR,5,2048000,81,183
6,CR,5,2048000,103,212
6,CR,5,2048000,39,112
6,CR,5,2048000,89,112
6,CR,5,2048000,177,73
6,CR,5,2048000,136,70
6,CR,5,2048000,224,30
6,CR,5,2048000,24,62
6,CR,5,2048000,87,144
6,CR,5,2048000,67,58
6,CR,5,2048000,240,220
6,CR,5,2048000,13,43
6,CR,5,2048000,101,54
6,CR,5,2048000,40,40
6,CR,5,2048000,11,83
6,CR,5,2048000,142,180
6,CR,5,2048000,222,56
6,CR,5,2048000,109,94
6,CR,5,2048000,179,239
6,CR,5,2048000,121,172
6,CR,5,2048000,113,231
6,CR,5,2048000,4,132
6,CR,5,2048000,91,241
6,CR,5,2048000,52,184
6,CR,5,2048000,8,22
6,CR,5,2048000,236,158
6,CR,5,2048000,104,76
6,CR,5,2048000,176,127
6,CR,5,2048000,8,143
6,CR,5,2048000,176,94
6,CR,5,2048000,235,94
6,CR,5,2048000,175,117
6,CR,5,2048000,227,48
6,CR,5,2048000,125,60
6,CR,5,2048000,197,35
6,CR,5,2048000,228,141
6,CR,5,2048000,170,50
6,CR,5,2048000,171,206
6,CR,5,2048000,117,13
6,CR,5,2048000,145,59
6,CR,5,2048000,194,102
6,CR,5,2048000,53,9
6,CR,5,2048000,65,169
6,CR,5,2048000,87,197
6,CR,5,2048000,190,25
6,CR,5,2048000,3,57
6,CR,5,2048000,179,223
6,CR,5,2048000,224,109
6,CR,5,2048000,135,99
6,CR,5,2048000,222,35
6,CR,5,2048000,247,152
6,CR,5,2048000,119,104
6,CR,5,2048000,22,208
6,CR,5,2048000,152,129
6,CR,5,2048000,49,1
6,CR,5,2048000,95,60
6,CR,5,2048000,197,209
6,CR,5,2048000,9,176
6,CR,5,2048000,105,2
6,CR,5,2048000,245,234
6,CR,5,2048000,38,115
6,CR,5,2048000,29,142
6,CR,5,2048000,164,180
6,CR,5,2048000,195,51
6,CR,5,2048000,47,226
6,CR,5,2048000,253,123
6,CR,5,2048000,207,135
6,CR,5,2048000,212,235
6,CR,5,2048000,228,101
6,CR,5,2048000,220,84
6,CR,5,2048000,135,40
6,CR,5,2048000,180,149
6,CR,5,2048000,57,73
6,CR,5,2048000,229,49
6,CR,5,2048000,100,193
6,CR,5,2048000,151,8
6,CR,5,2048000,139,16
6,CR,5,2048000,179,68
6,CR,5,2048000,89,18
6,CR,5,2048000,82,80
6,CR,5,2048000,212,56
6,CR,5,2048000,149,224
6,CR,5,2048000,208,10
6,CR,5,2048000,112,80
6,CR,5,2048000,40,159
6,CR,5,2048000,244,10
6,CR,5,2048000,7,200
6,CR,5,2048000,28,155
6,CR,5,2048000,157,194
6,CR,5,2048000,186,46
6,CR,5,2048000,51,35
6,CR,5,2048000,194,103
6,CR,5,2048000,201,226
6,CR,5,2048000,214,81
6,CR,5,2048000,39,150
6,CR,5,2048000,192,80
6,CR,5,2048000,64,39
6,CR,5,2048000,167,244
6,CR,5,2048000,9,86
6,CR,5,2048000,133,223
6,CR,5,2048000,165,11
6,CR,5,2048000,13,51
6,CR,5,2048000,169,144
6,CR,5,2048000,26,75
6,CR,5,2048000,51,142
6,CR,5,2048000,97,148
6,CR,5,2048000,15,72
6,CR,5,2048000,95,67
6,CR,5,2048000,148,111
6,CR,5,2048000,53,116
6,CR,5,2048000,23,143
6,CR,5,2048000,104,101
6,CR,5,2048000,40,156
6,CR,5,2048000,158,202
6,CR,5,2048000,126,58
6,CR,5,2048000,251,2
6,CR,5,2048000,229,58
6,CR,5,2048000,200,138
6,CR,5,2048000,6,7
6,CR,5,2048000,75,125
6,CR,5,2048000,100,158
6,CR,5,2048000,115,187
6,CR,5,2048000,22,220
6,CR,5,2048000,231,194
6,CR,5,2048000,18,114
6,CR,5,2048000,231,159
6,CR,5,2048000,1,120
6,CR,5,2048000,197,104
6,CR,5,2048000,131,211
6,CR,5,2048000,208,226
6,CR,5,2048000,196,247
6,CR,5,2048000,108,71
6,CR,5,2048000,213,87
6,CR,5,2048000,124,208
6,CR,5,2048000,203,9
6,CR,5,2048000,68,69
6,CR,5,2048000,204,163
6,CR,5,2048000,221,179
6,CR,5,2048000,77,60
6,CR,5,2048000,12,82
6,CR,5,2048000,252,172
6,CR,5,2048000,159,163
6,CR,5,2048000,21,102
6,CR,5,2048000,91,142
6,CR,5,2048000,177,103
6,CR,5,2048000,61,167
6,CR,5,2048000,100,222
6,CR,5,2048000,49,118
6,CR,5,2048000,218,10
6,CR,5,2048000,238,172
6,CR,5,2048000,31,85
6,CR,5,2048000,58,9
6,CR,5,2048000,197,172
6,CR,5,2048000,243,167
6,CR,5,2048000,107,14
6,CR,5,2048000,64,141
6,CR,5,2048000,25,32
6,CR,5,2048000,87,8
6,CR,5,2048000,9,155
6,CR,5,2048000,53,255
6,CR,5,2048000,106,109
6,CR,5,2048000,216,242
6,CR,5,2048000,104,162
6,CR,5,2048000,118,24
6,CR,5,2048000,218,192
6,CR,5,2048000,105,220
6,CR,5,2048000,19,121
6,CR,5,2048000,196,234
6,CR,5,2048000,107,236
6,CR,5,2048000,192,176
6,CR,5,2048000,163,115
6,CR,5,2048000,171,216
6,CR,5,2048000,31,17
6,CR,5,2048000,48,143
6,CR,5,2048000,220,187
6,CR,5,2048000,246,10
6,CR,5,2048000,52,245
6,CR,5,2048000,26,64
6,CR,5,2048000,0,0
6,CR,5,2048000,228,197
6,CR,5,2048000,104,60
6,CR,5,2048000,48,37
6,CR,5,2048000,184,130
6,CR,5,2048000,181,247
6,CR,5,2048000,181,112
6,CR,5,2048000,53,9
6,CR,5,2048000,64,80
6,CR,5,2048000,42,129
6,CR,5,2048000,122,179
6,CR,5,2048000,234,101
6,CR,5,2048000,67,119
6,CR,5,2048000,82,238
6,CR,5,2048000,30,218
6,CR,5,2048000,98,231
6,CR,5,2048000,56,29
6,CR,5,2048000,34,80
6,CR,5,2048000,255,154
6,CR,5,2048000,192,99
6,CR,5,2048000,142,3
6,CR,5,2048000,88,212
6,CR,5,2048000,91,24
6,CR,5,2048000,109,10
6,CR,5,2048000,122,205
6,CR,5,2048000,34,105
6,CR,5,2048000,251,148
6,CR,5,2048000,178,31
6,CR,5,2048000,118,154
6,CR,5,2048000,207,87
6,CR,5,2048000,200,97
6,CR,5,2048000,6,52
6,CR,5,2048000,160,176
6,CR,5,2048000,16,143
6,CR,5,2048000,44,194
6,CR,5,2048000,223,74
6,CR,5,2048000,163,24
6,CR,5,2048000,192,142
6,CR,5,2048000,228,74
6,CR,5,2048000,154,147
6,CR,5,2048000,212,95
6,CR,5,2048000,224,136
6,CR,5,2048000,74,142
6,CR,5,2048000,55,62
6,CR,5,2048000,15,217
6,CR,5,2048000,198,21
6,CR,5,2048000,238,14
6,CR,5,2048000,115,109
6,CR,5,2048000,56,254
6,CR,5,2048000,112,250
6,CR,5,2048000,211,117
6,CR,5,2048000,159,73
6,CR,5,2048000,226,244
6,CR,5,2048000,178,29
6,CR,5,2048000,195,29
6,CR,5,2048000,212,79
6,CR,5,2048000,142,31
6,CR,5,2048000,239,224
6,CR,5,2048000,74,192
6,CR,5,2048000,174,38
6,CR,5,2048000,146,208
6,CR,5,2048000,123,117
6,CR,5,2048000,30,2
6,CR,5,2048000,150,116
6,CR,5,2048000,63,76
6,CR,5,2048000,15,218
6,CR,5,2048000,66,232
6,CR,5,2048000,176,45
6,CR,5,2048000,65,147
6,CR,5,2048000,169,247
6,CR,5,2048000,202,167
6,CR,5,2048000,89,78
6,CR,5,2048000,241,150
6,CR,5,2048000,195,114
6,CR,5,2048000,38,3
6,CR,5,2048000,207,131
6,CR,5,2048000,196,22
6,CR,5,2048000,36,12
6,CR,5,2048000,86,107
6,CR,5,2048000,136,223
6,CR,5,2048000,107,104
6,CR,5,2048000,115,115
6,CR,5,2048000,156,236
6,CR,5,2048000,241,198
6,CR,5,2048000,3,209
6,CR,5,2048000,208,199
6,CR,5,2048000,138,84
6,CR,5,2048000,68,177
6,CR,5,2048000,184,181
6,CR,5,2048000,57,3
6,CR,5,2048000,172,221
6,CR,5,2048000,236,146
6,CR,5,2048000,67,97
6,CR,5,2048000,83,58
6,CR,5,2048000,50,182
6,CR,5,2048000,40,227
6,CR,5,2048000,139,61
6,CR,5,2048000,149,3
6,CR,5,2048000,19,164
6,CR,5,2048000,111,217
6,CR,5,2048000,85,3
6,CR,5,2048000,211,165
6,CR,5,2048000,47,197
6,CR,5,2048000,25,16
6,CR,5,2048000,56,117
6,CR,5,2048000,152,89
6,CR,5,2048000,15,16
6,CR,5,2048000,255,61
6,CR,5,2048000,27,83
6,CR,5,2048000,100,157
6,CR,5,2048000,109,192
6,CR,5,2048000,192,102
6,CR,5,2048000,69,159
6,CR,5,2048000,133,170
6,CR,5,2048000,124,174
6,CR,5,2048000,92,62
6,CR,5,2048000,6,162
6,CR,5,2048000,39,252
6,CR,5,2048000,234,82
6,CR,5,2048000,188,137
6,CR,5,2048000,245,84
6,CR,5,2048000,184,110
6,CR,5,2048000,77,32
6,CR,5,2048000,13,215
6,CR,5,2048000,177,17
6,CR,5,2048000,251,70
6,CR,5,2048000,30,139
6,CR,5,2048000,166,28
6,CR,5,2048000,56,236
6,CR,5,2048000,92,71
6,CR,5,2048000,14,123
6,CR,5,2048000,194,204
6,CR,5,2048000,255,50
6,CR,5,2048000,172,149
6,CR,5,2048000,99,98
6,CR,5,2048000,223,117
6,CR,5,2048000,84,111
6,CR,5,2048000,202,55
6,CR,5,2048000,114,104
6,CR,5,2048000,89,129
6,CR,5,2048000,150,245
6,CR,5,2048000,253,28
6,CR,5,2048000,189,216
6,CR,5,2048000,83,144
6,CR,5,2048000,198,148
6,CR,5,2048000,47,246
6,CR,5,2048000,135,219
6,CR,5,2048000,155,205
6,CR,5,2048000,175,148
6,CR,5,2048000,59,61
6,CR,5,2048000,140,75
6,CR,5,2048000,51,30
6,CR,5,2048000,95,105
6,CR,5,2048000,225,170
6,CR,5,2048000,215,239
6,CR,5,2048000,169,98
6,CR,5,2048000,102,75
6,CR,5,2048000,172,19
6,CR,5,2048000,76,70
6,CR,5,2048000,85,23
6,CR,5,2048000,176,207
6,CR,5,2048000,127,73
6,CR,5,2048000,181,110
6,CR,5,2048000,241,215
6,CR,5,2048000,194,224
6,CR,5,2048000,73,133
6,CR,5,2048000,204,216
6,CR,5,2048000,110,159
6,CR,5,2048000,252,151
6,CR,5,2048000,162,172
6,CR,5,2048000,36,182
6,CR,5,2048000,204,37
6,CR,5,2048000,62,234
6,CR,5,2048000,121,39
6,CR,5,2048000,249,53
6,CR,5,2048000,18,31
6,CR,5,2048000,1,125
6,CR,5,2048000,234,156
6,CR,5,2048000,150,72
6,CR,5,2048000,180,142
6,CR,5,2048000,89,49
6,CR,5,2048000,3,209
6,CR,5,2048000,62,146
6,CR,5,2048000,10,199
6,CR,5,2048000,86,217
6,CR,5,2048000,30,85
6,CR,5,2048000,140,105
6,CR,5,2048000,78,55
6,CR,5,2048000,151,70
6,CR,5,2048000,150,30
6,CR,5,2048000,240,222
6,CR,5,2048000,169,147
6,CR,5,2048000,107,68
6,CR,5,2048000,192,155
6,CR,5,2048000,186,155
6,CR,5,2048000,237,178
6,CR,5,2048000,226,132
6,CR,5,2048000,6,250
6,CR,5,2048000,192,208
6,CR,5,2048000,208,85
6,CR,5,2048000,144,133
6,CR,5,2048000,44,91
6,CR,5,2048000,27,63
6,CR,5,2048000,112,104
6,CR,5,2048000,62,136
6,CR,5,2048000,20,16
6,CR,5,2048000,41,167
6,CR,5,2048000,228,201
6,CR,5,2048000,45,72
6,CR,5,2048000,167,248
6,CR,5,2048000,147,82
6,CR,5,2048000,200,18
6,CR,5,2048000,202,74
6,CR,5,2048000,217,7
6,CR,5,2048000,88,127
6,CR,5,2048000,231,200
6,CR,5,2048000,28,14
6,CR,5,2048000,156,28
6,CR,5,2048000,203,186
6,CR,5,2048000,49,155
6,CR,5,2048000,102,117
6,CR,5,2048000,134,84
6,CR,5,2048000,97,204
6,CR,5,2048000,81,89
6,CR,5,2048000,241,223
6,CR,5,2048000,111,52
6,CR,5,2048000,189,150
6,CR,5,2048000,27,103
6,CR,5,2048000,15,18
6,CR,5,2048000,51,245
6,CR,5,2048000,187,140
6,CR,5,2048000,222,141
6,CR,5,2048000,251,83
6,CR,5,2048000,84,242
6,CR,5,2048000,118,193
6,CR,5,2048000,204,102
6,CR,5,2048000,248,166
6,CR,5,2048000,245,150
6,CR,5,2048000,77,176
6,CR,5,2048000,228,144
6,CR,5,2048000,183,0
6,CR,5,2048000,10,88
6,CR,5,2048000,171,206
6,CR,5,2048000,215,251
6,CR,5,2048000,164,164
6,CR,5,2048000,39,63
6,CR,5,2048000,99,162
6,CR,5,2048000,128,143
6,CR,5,2048000,88,66
6,CR,5,2048000,254,77
6,CR,5,2048000,80,13
6,CR,5,2048000,120,231
6,CR,5,2048000,248,90
6,CR,5,2048000,253,209
6,CR,5,2048000,83,214
6,CR,5,2048000,29,232
6,CR,5,2048000,40,209
6,CR,5,2048000,110,140
6,CR,5,2048000,128,72
6,CR,5,2048000,16,135
6,CR,5,2048000,12,189
6,CR,5,2048000,122,29
6,CR,5,2048000,75,228
6,CR,5,2048000,252,187
6,CR,5,2048000,95,38
6,CR,5,2048000,72,236
6,CR,5,2048000,140,173
6,CR,5,2048000,153,111
6,CR,5,2048000,34,154
6,CR,5,2048000,255,229
6,CR,5,2048000,65,237
6,CR,5,2048000,84,236
6,CR,5,2048000,67,146
6,CR,5,2048000,212,221
6,CR,5,2048000,49,35
6,CR,5,2048000,30,249
6,CR,5,2048000,100,190
6,CR,5,2048000,9,13
6,CR,5,2048000,185,170
6,CR,5,2048000,170,63
6,CR,5,2048000,55,32
6,CR,5,2048000,79,193
6,CR,5,2048000,6,5
6,CR,5,2048000,181,7
6,CR,5,2048000,203,109
6,CR,5,2048000,47,174
6,CR,5,2048000,218,39
6,CR,5,2048000,212,74
6,CR,5,2048000,39,143
6,CR,5,2048000,135,241
6,CR,5,2048000,203,173
6,CR,5,2048000,76,35
6,CR,5,2048000,174,36
6,CR,5,2048000,245,169
6,CR,5,2048000,52,63
6,CR,5,2048000,43,70
6,CR,5,2048000,157,243
6,CR,5,2048000,159,64
6,CR,5,2048000,156,62
6,CR,5,2048000,169,207
6,CR,5,2048000,200,14
6,CR,5,2048000,245,241
6,CR,5,2048000,114,89
6,CR,5,2048000,230,234
6,CR,5,2048000,74,29
6,CR,5,2048000,86,212
6,CR,5,2048000,59,52
6,CR,5,2048000,225,202
6,CR,5,2048000,31,189
6,CR,5,2048000,42,81
6,CR,5,2048000,187,56
6,CR,5,2048000,152,250
6,CR,5,2048000,149,178
6,CR,5,2048000,122,237
6,CR,5,2048000,174,76
6,CR,5,2048000,21,104
6,CR,5,2048000,50,131
6,CR,5,2048000,185,145
6,CR,5,2048000,32,240
6,CR,5,2048000,177,200
6,CR,5,2048000,244,216
6,CR,5,2048000,210,81
6,CR,5,2048000,5,219
6,CR,5,2048000,249,145
6,CR,5,2048000,107,250
6,CR,5,2048000,187,69
6,CR,5,2048000,134,126
6,CR,5,2048000,216,119
6,CR,5,2048000,129,25
6,CR,5,2048000,148,6
6,CR,5,2048000,38,89
6,CR,5,2048000,101,29
6,CR,5,2048000,86,176
6,CR,5,2048000,243,111
6,CR,5,2048000,200,173
6,CR,5,2048000,71,60
6,CR,5,2048000,16,105
6,CR,5,2048000,241,67
6,CR,5,2048000,249,186
6,CR,5,2048000,158,103
6,CR,5,2048000,226,72
6,CR,5,2048000,210,70
6,CR,5,2048000,89,240
6,CR,5,2048000,54,110
6,CR,5,2048000,234,233
6,CR,5,2048000,142,147
6,CR,5,2048000,86,163
6,CR,5,2048000,116,36
6,CR,5,2048000,235,135
6,CR,5,2048000,45,221
6,CR,5,2048000,177,138
6,CR,5,2048000,221,218
6,CR,5,2048000,212,236
6,CR,5,2048000,43,211
6,CR,5,2048000,96,160
6,CR,5,2048000,219,67
6,CR,5,2048000,221,171
6,CR,5,2048000,83,131
6,CR,5,2048000,44,203
6,CR,5,2048000,182,88
6,CR,5,2048000,185,166
6,CR,5,2048000,7,187
6,CR,5,2048000,118,115
6,CR,5,2048000,16,10
6,CR,5,2048000,102,111
6,CR,5,2048000,96,194
6,CR,5,2048000,105,162
6,CR,5,2048000,121,57
6,CR,5,2048000,245,3
6,CR,5,2048000,57,211
6,CR,5,2048000,86,253
6,CR,5,2048000,118,48
6,CR,5,2048000,8,111
6,CR,5,2048000,73,193
6,CR,5,2048000,143,255
6,CR,5,2048000,99,102
6,CR,5,2048000,128,6
6,CR,5,2048000,150,172
6,CR,5,2048000,142,224
6,CR,5,2048000,160,128
6,CR,5,2048000,107,21
6,CR,5,2048000,164,30
6,CR,5,2048000,224,143
6,CR,5,2048000,35,144
6,CR,5,2048000,193,109
6,CR,5,2048000,244,142
6,CR,5,2048000,85,129
6,CR,5,2048000,26,107
6,CR,5,2048000,152,12
6,CR,5,2048000,214,68
6,CR,5,2048000,144,34
6,CR,5,2048000,198,127
6,CR,5,2048000,29,233
6,CR,5,2048000,171,27
6,CR,5,2048000,64,167
6,CR,5,2048000,163,102
6,CR,5,2048000,245,183
6,CR,5,2048000,107,59
6,CR,5,2048000,143,166
6,CR,5,2048000,127,179
6,CR,5,2048000,154,161
6,CR,5,2048000,135,245
6,CR,5,2048000,30,99
6,CR,5,2048000,224,116
6,CR,5,2048000,1,190
6,CR,5,2048000,18,203
6,CR,5,2048000,93,155
6,CR,5,512000,2,140
6,CR,5,512000,1,115
6,CR,5,512000,177,252
6,CR,5,512000,106,111
6,CR,5,512000,101,7
6,CR,5,512000,81,65
6,CR,5,512000,120,61
6,CR,5,512000,218,226
6,CR,5,512000,141,155
6,CR,5,512000,146,22
6,CR,5,512000,25,5
6,CR,5,512000,190,107
6,CR,5,512000,125,246
6,CR,5,512000,68,197
6,CR,5,512000,105,208
6,CR,5,512000,250,163
6,CR,5,512000,197,88
6,CR,5,512000,134,150
6,CR,5,512000,119,246
6,CR,5,512000,160,17
6,CR,5,512000,119,228
6,CR,5,512000,85,231
6,CR,5,512000,240,113
6,CR,5,512000,185,155
6,CR,5,512000,113,190
6,CR,5,512000,242,128
6,CR,5,512000,149,80
6,CR,5,512000,73,7
6,CR,5,512000,167,178
6,CR,5,512000,37,22
6,CR,5,512000,91,108
6,CR,5,512000,161,65
6,CR,5,512000,157,3
6,CR,5,512000,32,228
6,CR,5,512000,229,230
6,CR,5,512000,233,89
6,CR,5,512000,194,183
6,CR,5,512000,223,15
6,CR,5,512000,35,246
6,CR,5,512000,173,63
6,CR,5,512000,176,45
6,CR,5,512000,49,239
6,CR,5,512000,10,92
6,CR,5,512000,163,197
6,CR,5,512000,104,124
6,CR,5,512000,144,82
6,CR,5,512000,167,58
6,CR,5,512000,216,248
6,CR,5,512000,90,186
6,CR,5,512000,151,76
6,CR,5,512000,218,116
6,CR,5,512000,16,158
6,CR,5,512000,9,213
6,CR,5,512000,180,6
6,CR,5,512000,83,45
6,CR,5,512000,228,30
6,CR,5,512000,33,199
6,CR,5,512000,169,131
6,CR,5,512000,173,113
6,CR,5,512000,172,133
6,CR,5,512000,240,89
6,CR,5,512000,153,129
6,CR,5,512000,142,233
6,CR,5,512000,158,12
6,CR,5,512000,249,132
6,CR,5,512000,178,14
6,CR,5,512000,37,153
6,CR,5,512000,3,109
6,CR,5,512000,227,104
6,CR,5,512000,45,254
6,CR,5,512000,149,214
6,CR,5,512000,15,230
6,CR,5,512000,236,34
6,CR,5,512000,3,228
6,CR,5,512000,221,216
6,CR,5,512000,203,178
6,CR,5,512000,82,6
6,CR,5,512000,60,87
6,CR,5,512000,120,42
6,CR,5,512000,211,90
6,CR,5,512000,252,150
6,CR,5,512000,78,167
6,CR,5,512000,232,167
6,CR,5,512000,0,139
6,CR,5,512000,2,114
6,CR,5,512000,166,10
6,CR,5,512000,116,75
6,CR,5,512000,63,95
6,CR,5,512000,23,40
6,CR,5,512000,246,199
6,CR,5,512000,200,94
6,CR,5,512000,136,137
6,CR,5,512000,218,114
6,CR,5,512000,73,92
6,CR,5,512000,107,154
6,CR,5,512000,60,100
6,CR,5,512000,245,20
6,CR,5,512000,105,253
6,CR,5,512000,93,108
6,CR,5,512000,33,233
6,CR,5,512000,85,52
6,CR,5,512000,31,75
6,CR,5,512000,228,199
6,CR,5,512000,54,180
6,CR,5,512000,168,91
6,CR,5,512000,85,95
6,CR,5,512000,75,181
6,CR,5,512000,153,133
6,CR,5,512000,12,214
6,CR,5,512000,41,5
6,CR,5,512000,120,94
6,CR,5,512000,22,195
6,CR,5,512000,253,160
6,CR,5,512000,138,83
6,CR,5,512000,123,68
6,CR,5,512000,187,255
6,CR,5,512000,241,147
6,CR,5,512000,194,14
6,CR,5,512000,181,217
6,CR,5,512000,51,252
6,CR,5,512000,109,216
6,CR,5,512000,231,164
6,CR,5,512000,112,14
6,CR,5,512000,96,102
6,CR,5,512000,13,1
6,CR,5,512000,58,85
6,CR,5,512000,51,183
6,CR,5,512000,202,81
6,CR,5,512000,254,193
6,CR,5,512000,29,86
6,CR,5,512000,209,159
6,CR,5,512000,147,66
6,CR,5,512000,88,209
6,CR,5,512000,243,47
6,CR,5,512000,112,30
6,CR,5,512000,216,219
6,CR,5,512000,34,37
6,CR,5,512000,38,91
6,CR,5,512000,159,133
6,CR,5,512000,155,139
6,CR,5,512000,194,41
6,CR,5,512000,4,198
6,CR,5,512000,135,11
6,CR,5,512000,215,10
6,CR,5,512000,58,171
6,CR,5,512000,216,33
6,CR,5,512000,216,122
6,CR,5,512000,183,2
6,CR,5,512000,242,12
6,CR,5,512000,83,122
6,CR,5,512000,180,14
6,CR,5,512000,246,133
6,CR,5,512000,156,80
6,CR,5,512000,96,140
6,CR,5,512000,143,136
6,CR,5,512000,90,87
6,CR,5,512000,150,199
6,CR,5,512000,17,248
6,CR,5,512000,98,245
6,CR,5,512000,224,168
6,CR,5,512000,126,18
6,CR,5,512000,86,219
6,CR,5,512000,141,17
6,CR,5,512000,152,94
6,CR,5,512000,206,214
6,CR,5,512000,146,76
6,CR,5,512000,183,160
6,CR,5,512000,22,27
6,CR,5,512000,165,44
6,CR,5,512000,152,254
6,CR,5,512000,158,29
6,CR,5,512000,4,37
6,CR,5,512000,38,250
6,CR,5,512000,245,128
6,CR,5,512000,228,103
6,CR,5,512000,102,205
6,CR,5,512000,73,222
6,CR,5,512000,69,241
6,CR,5,512000,127,34
6,CR,5,512000,51,99
6,CR,5,512000,184,0
6,CR,5,512000,248,55
6,CR,5,512000,2,40
6,CR,5,512000,137,150
6,CR,5,512000,101,0
6,CR,5,512000,71,157
6,CR,5,512000,165,46
6,CR,5,512000,214,125
6,CR,5,512000,10,68
6,CR,5,512000,104,182
6,CR,5,512000,161,158
6,CR,5,512000,108,26
6,CR,5,512000,115,240
6,CR,5,512000,179,162
6,CR,5,512000,190,231
6,CR,5,512000,254,239
6,CR,5,512000,51,102
6,CR,5,512000,31,51
6,CR,5,512000,227,14
6,CR,5,512000,94,52
6,CR,5,512000,158,23
6,CR,5,512000,127,159
6,CR,5,512000,23,22
6,CR,5,512000,248,120
6,CR,5,512000,8,152
6,CR,5,512000,227,185
6,CR,5,512000,51,63
6,CR,5,512000,152,137
6,CR,5,512000,74,98
6,CR,5,512000,9,9
6,CR,5,512000,131,158
6,CR,5,512000,247,158
6,CR,5,512000,32,46
6,CR,5,512000,129,88
6,CR,5,512000,4,140
6,CR,5,512000,111,24
6,CR,5,512000,227,224
6,CR,5,512000,151,149
6,CR,5,512000,196,52
6,CR,5,512000,82,102
6,CR,5,512000,135,194
6,CR,5,512000,147,251
6,CR,5,512000,108,94
6,CR,5,512000,80,198
6,CR,5,512000,83,239
6,CR,5,512000,221,206
6,CR,5,512000,130,132
6,CR,5,512000,181,237
6,CR,5,512000,213,87
6,CR,5,512000,237,159
6,CR,5,512000,150,221
6,CR,5,512000,13,64
6,CR,5,512000,108,49
6,CR,5,512000,64,75
6,CR,5,512000,42,9
6,CR,5,512000,142,121
6,CR,5,512000,239,249
6,CR,5,512000,20,3
6,CR,5,512000,159,112
6,CR,5,512000,106,189
6,CR,5,512000,172,200
6,CR,5,512000,134,72
6,CR,5,512000,147,228
6,CR,5,512000,99,230
6,CR,5,512000,190,48
6,CR,5,512000,93,94
6,CR,5,512000,149,115
6,CR,5,512000,116,83
6,CR,5,512000,5,187
6,CR,5,512000,163,149
6,CR,5,512000,189,127
6,CR,5,512000,83,156
6,CR,5,512000,17,50
6,CR,5,512000,241,174
6,CR,5,512000,21,186
6,CR,5,512000,135,196
6,CR,5,512000,48,119
6,CR,5,512000,190,103
6,CR,5,512000,168,86
6,CR,5,512000,2,9
6,CR,5,512000,12,45
6,CR,5,512000,217,13
6,CR,5,512000,69,225
6,CR,5,512000,127,249
6,CR,5,512000,37,139
6,CR,5,512000,241,141
6,CR,5,512000,226,66
6,CR,5,512000,53,141
6,CR,5,512000,1,182
6,CR,5,512000,67,195
6,CR,5,512000,125,203
6,CR,5,512000,151,197
6,CR,5,512000,37,116
6,CR,5,512000,64,108
6,CR,5,512000,125,233
6,CR,5,512000,194,62
6,CR,5,512000,115,181
6,CR,5,512000,93,94
6,CR,5,512000,25,103
6,CR,5,512000,82,91
6,CR,5,512000,245,45
6,CR,5,512000,79,15
6,CR,5,512000,2,221
6,CR,5,512000,213,119
6,CR,5,512000,121,84
6,CR,5,512000,128,47
6,CR,5,512000,253,14
6,CR,5,512000,5,19
6,CR,5,512000,218,121
6,CR,5,512000,190,39
6,CR,5,512000,168,86
6,CR,5,512000,220,164
6,CR,5,512000,28,140
6,CR,5,512000,249,246
6,CR,5,512000,91,90
6,CR,5,512000,3,117
6,CR,5,512000,122,143
6,CR,5,512000,103,138
6,CR,5,512000,77,167
6,CR,5,512000,96,217
6,CR,5,512000,185,15
6,CR,5,512000,176,147
6,CR,5,512000,44,94
6,CR,5,512000,130,182
6,CR,5,512000,64,34
6,CR,5,512000,141,236
6,CR,5,512000,68,2
6,CR,5,512000,142,205
6,CR,5,512000,79,156
6,CR,5,512000,142,175
6,CR,5,512000,145,138
6,CR,5,512000,130,188
6,CR,5,512000,143,45
6,CR,5,512000,105,182
6,CR,5,512000,44,249
6,CR,5,512000,10,207
6,CR,5,512000,224,117
6,CR,5,512000,101,184
6,CR,5,512000,255,163
6,CR,5,512000,157,239
6,CR,5,512000,165,131
6,CR,5,512000,8,211
6,CR,5,512000,227,121
6,CR,5,512000,60,164
6,CR,5,512000,139,126
6,CR,5,512000,204,34
6,CR,5,512000,128,247
6,CR,5,512000,203,18
6,CR,5,512000,32,234
6,CR,5,512000,209,136
6,CR,5,512000,46,87
6,CR,5,512000,22,41
6,CR,5,512000,214,216
6,CR,5,512000,187,22
6,CR,5,512000,179,234
6,CR,5,512000,170,137
6,CR,5,512000,193,175
6,CR,5,512000,252,119
6,CR,5,512000,29,238
6,CR,5,512000,140,119
6,CR,5,512000,180,194
6,CR,5,512000,206,159
6,CR,5,512000,166,123
6,CR,5,512000,213,38
6,CR,5,512000,116,209
6,CR,5,512000,229,40
6,CR,5,512000,111,247
6,CR,5,512000,127,251
6,CR,5,512000,20,185
6,CR,5,512000,225,228
6,CR,5,512000,132,39
6,CR,5,512000,62,33
6,CR,5,512000,14,218
6,CR,5,512000,113,10
6,CR,5,512000,93,18
6,CR,5,512000,171,61
6,CR,5,512000,239,116
6,CR,5,512000,3,182
6,CR,5,512000,47,219
6,CR,5,512000,63,170
6,CR,5,512000,22,233
6,CR,5,512000,148,157
6,CR,5,512000,130,37
6,CR,5,512000,127,105
6,CR,5,512000,246,195
6,CR,5,512000,98,184
6,CR,5,512000,129,197
6,CR,5,512000,133,23
6,CR,5,512000,38,98
6,CR,5,512000,143,245
6,CR,5,512000,205,98
6,CR,5,512000,169,244
6,CR,5,512000,132,15
6,CR,5,512000,240,25
6,CR,5,512000,230,124
6,CR,5,512000,191,113
6,CR,5,512000,177,247
6,CR,5,512000,228,121
6,CR,5,512000,131,193
6,CR,5,512000,103,26
6,CR,5,512000,53,147
6,CR,5,512000,2,69
6,CR,5,512000,182,217
6,CR,5,512000,79,145
6,CR,5,512000,109,148
6,CR,5,512000,34,196
6,CR,5,512000,24,169
6,CR,5,512000,54,189
6,CR,5,512000,60,78
6,CR,5,512000,126,74
6,CR,5,512000,156,48
6,CR,5,512000,136,93
6,CR,5,512000,118,124
6,CR,5,512000,106,243
6,CR,5,512000,169,38
6,CR,5,512000,217,14
6,CR,5,512000,9,94
6,CR,5,512000,204,136
6,CR,5,512000,253,145
6,CR,5,512000,27,2
6,CR,5,512000,226,91
6,CR,5,512000,155,17
6,CR,5,512000,6,193
6,CR,5,512000,65,84
6,CR,5,512000,131,191
6,CR,5,512000,91,22
6,CR,5,512000,60,3
6,CR,5,512000,46,223
6,CR,5,512000,248,20
6,CR,5,512000,142,80
6,CR,5,512000,43,169
6,CR,5,512000,131,2
6,CR,5,512000,145,231
6,CR,5,512000,78,177
6,CR,5,512000,116,13
6,CR,5,512000,26,149
6,CR,5,512000,37,253
6,CR,5,512000,158,102
6,CR,5,512000,37,166
6,CR,5,512000,68,141
6,CR,5,512000,184,247
6,CR,5,512000,102,116
6,CR,5,512000,6,129
6,CR,5,512000,222,246
6,CR,5,512000,164,123
6,CR,5,512000,16,125
6,CR,5,512000,62,38
6,CR,5,512000,131,199
6,CR,5,512000,99,84
6,CR,5,512000,68,16
6,CR,5,512000,72,244
6,CR,5,512000,52,139
6,CR,5,512000,66,156
6,CR,5,512000,172,196
6,CR,5,512000,101,20
6,CR,5,512000,68,35
6,CR,5,512000,217,14
6,CR,5,512000,159,49
6,CR,5,512000,149,253
6,CR,5,512000,126,200
6,CR,5,512000,97,154
6,CR,5,512000,34,58
6,CR,5,512000,254,131
6,CR,5,512000,40,144
6,CR,5,512000,89,115
6,CR,5,512000,35,210
6,CR,5,512000,201,72
6,CR,5,512000,161,76
6,CR,5,512000,207,138
6,CR,5,512000,168,90
6,CR,5,512000,255,29
6,CR,5,512000,88,37
6,CR,5,512000,141,158
6,CR,5,512000,227,140
6,CR,5,512000,56,200
6,CR,5,512000,79,160
6,CR,5,512000,8,253
6,CR,5,512000,62,11
6,CR,5,512000,205,168
6,CR,5,512000,240,62
6,CR,5,512000,184,171
6,CR,5,512000,70,224
6,CR,5,512000,54,94
6,CR,5,512000,243,5
6,CR,5,512000,114,101
6,CR,5,512000,100,245
6,CR,5,512000,23,136
6,CR,5,512000,34,15
6,CR,5,512000,243,242
6,CR,5,512000,174,175
6,CR,5,512000,239,222
6,CR,5,512000,162,123
6,CR,5,512000,176,238
6,CR,5,512000,186,28
6,CR,5,512000,159,48
6,CR,5,512000,12,88
6,CR,5,512000,232,121
6,CR,5,512000,170,159
6,CR,5,512000,75,219
6,CR,5,512000,173,86
6,CR,5,512000,121,203
6,CR,5,512000,149,84
6,CR,5,512000,245,188
6,CR,5,512000,16,119
6,CR,5,512000,55,231
6,CR,5,512000,146,26
6,CR,5,512000,165,117
6,CR,5,512000,45,44
6,CR,5,512000,35,236
6,CR,5,512000,72,227
6,CR,5,512000,1,120
6,CR,5,512000,108,102
6,CR,5,512000,165,95
6,CR,5,512000,102,100
6,CR,5,512000,75,187
6,CR,5,512000,229,207
6,CR,5,512000,28,101
6,CR,5,512000,31,46
6,CR,5,512000,66,0
6,CR,5,512000,163,238
6,CR,5,512000,25,143
6,CR,5,512000,41,62
6,CR,5,512000,7,49
6,CR,5,512000,119,130
6,CR,5,512000,135,40
6,CR,5,512000,191,91
6,CR,5,512000,170,174
6,CR,5,512000,251,216
6,CR,5,512000,50,79
6,CR,5,512000,135,162
6,CR,5,512000,240,223
6,CR,5,512000,107,77
6,CR,5,512000,85,61
6,CR,5,512000,129,38
6,CR,5,512000,217,57
6,CR,5,512000,227,242
6,CR,5,512000,115,75
6,CR,5,512000,170,238
6,CR,5,512000,42,133
6,CR,5,512000,153,162
6,CR,5,512000,114,173
6,CR,5,512000,94,216
6,CR,5,512000,60,81
6,CR,5,512000,138,193
6,CR,5,512000,17,33
6,CR,5,512000,183,15
6,CR,5,512000,190,193
6,CR,5,512000,53,192
6,CR,5,512000,113,78
6,CR,5,512000,94,197
6,CR,5,512000,192,124
6,CR,5,512000,221,154
6,CR,5,512000,0,95
6,CR,5,512000,39,241
6,CR,5,512000,41,177
6,CR,5,512000,28,167
6,CR,5,512000,254,27
6,CR,5,512000,10,222
6,CR,5,512000,224,200
6,CR,5,512000,75,216
6,CR,5,512000,3,207
6,CR,5,512000,208,154
6,CR,5,512000,36,142
6,CR,5,512000,201,188
6,CR,5,512000,108,83
6,CR,5,512000,90,214
6,CR,5,512000,68,67
6,CR,5,512000,189,66
6,CR,5,512000,24,125
6,CR,5,512000,29,2
6,CR,5,512000,176,88
6,CR,5,512000,216,214
6,CR,5,512000,93,124
6,CR,5,512000,130,193
6,CR,5,512000,214,149
6,CR,5,512000,65,252
6,CR,5,512000,63,54
6,CR,5,512000,65,210
6,CR,5,512000,254,187
6,CR,5,512000,17,219
6,CR,5,512000,66,188
6,CR,5,512000,95,80
6,CR,5,512000,41,75
6,CR,5,512000,60,43
6,CR,5,512000,152,112
6,CR,5,512000,37,139
6,CR,5,512000,69,218
6,CR,5,512000,230,116
6,CR,5,512000,122,168
6,CR,5,512000,50,192
6,CR,5,512000,56,55
6,CR,5,512000,40,198
6,CR,5,512000,55,49
6,CR,5,512000,213,213
6,CR,5,512000,171,54
6,CR,5,512000,158,179
6,CR,5,512000,29,16
6,CR,5,512000,56,198
6,CR,5,512000,235,10
6,CR,5,512000,86,173
6,CR,5,512000,171,52
6,CR,5,512000,9,110
6,CR,5,512000,36,173
6,CR,5,512000,19,240
6,CR,5,512000,255,55
6,CR,5,512000,98,155
6,CR,5,512000,197,237
6,CR,5,512000,168,13
6,CR,5,512000,64,238
6,CR,5,512000,0,148
6,CR,5,512000,225,121
6,CR,5,512000,66,186
6,CR,5,512000,66,187
6,CR,5,512000,158,25
6,CR,5,512000,74,200
6,CR,5,512000,98,215
6,CR,5,512000,80,220
6,CR,5,512000,197,254
6,CR,5,512000,149,231
6,CR,5,512000,34,202
6,CR,5,512000,219,41
6,CR,5,512000,247,32
6,CR,5,512000,166,185
6,CR,5,512000,16,45
6,CR,5,512000,23,245
6,CR,5,512000,128,201
6,CR,5,512000,235,81
6,CR,5,512000,58,186
6,CR,5,512000,218,243
6,CR,5,512000,135,37
6,CR,5,512000,131,81
6,CR,5,512000,227,110
6,CR,5,512000,12,113
6,CR,5,512000,15,174
6,CR,5,512000,92,189
6,CR,5,512000,210,35
6,CR,5,512000,188,197
6,CR,5,512000,45,124
6,CR,5,512000,121,127
6,CR,5,512000,99,162
6,CR,5,512000,123,107
6,CR,5,512000,109,231
6,CR,5,512000,139,243
6,CR,5,512000,176,135
6,CR,5,512000,168,243
6,CR,5,512000,168,0
6,CR,5,512000,133,40
6,CR,5,512000,7,139
6,CR,5,512000,243,126
6,CR,5,512000,177,173
6,CR,5,512000,197,26
6,CR,5,512000,10,0
6,CR,5,512000,198,112
6,CR,5,512000,51,10
6,CR,5,512000,72,11
6,CR,5,512000,168,166
6,CR,5,512000,85,86
6,CR,5,512000,24,72
6,CR,5,512000,115,29
6,CR,5,512000,144,0
6,CR,5,512000,70,146
6,CR,5,512000,71,244
6,CR,5,512000,123,190
6,CR,5,512000,102,108
6,CR,5,512000,186,174
6,CR,5,512000,33,251
6,CR,5,512000,165,218
6,CR,5,512000,212,234
6,CR,5,512000,151,31
6,CR,5,512000,252,140
6,CR,5,512000,44,61
6,CR,5,512000,4,175
6,CR,5,512000,179,134
6,CR,5,512000,223,163
6,CR,5,512000,46,170
6,CR,5,512000,24,248
6,CR,5,512000,210,183
6,CR,5,512000,238,34
6,CR,5,512000,247,116
6,CR,5,512000,204,182
6,CR,5,512000,246,133
6,CR,5,512000,171,173
6,CR,5,512000,21,247
6,CR,5,512000,252,46
6,CR,5,512000,100,142
6,CR,5,512000,49,17
6,CR,5,512000,228,233
6,CR,5,512000,65,197
6,CR,5,512000,32,32
6,CR,5,512000,36,115
6,CR,5,512000,192,241
6,CR,5,512000,99,162
6,CR,5,512000,138,76
6,CR,5,512000,178,100
6,CR,5,512000,251,106
6,CR,5,512000,129,32
6,CR,5,512000,217,35
6,CR,5,512000,8,117
6,CR,5,512000,69,62
6,CR,5,512000,42,60
6,CR,5,512000,123,248
6,CR,5,512000,224,178
6,CR,5,512000,182,195
6,CR,5,512000,165,112
6,CR,5,512000,231,230
6,CR,5,512000,183,204
6,CR,5,512000,101,147
6,CR,5,512000,55,171
6,CR,5,512000,138,128
6,CR,5,512000,3,229
6,CR,5,512000,2,174
6,CR,5,512000,32,87
6,CR,5,512000,152,209
6,CR,5,512000,237,34
6,CR,5,512000,74,148
6,CR,5,512000,185,251
6,CR,5,512000,221,193
6,CR,5,512000,101,197
6,CR,5,512000,64,137
6,CR,5,512000,102,134
6,CR,5,512000,217,217
6,CR,5,512000,100,127
6,CR,5,512000,187,13
6,CR,5,512000,123,68
6,CR,5,512000,68,80
6,CR,5,512000,121,67
6,CR,5,512000,167,63
6,CR,5,512000,2,229
6,CR,5,512000,123,209
6,CR,5,512000,143,218
6,CR,5,512000,254,163
6,CR,5,512000,69,60
6,CR,5,512000,33,243
6,CR,5,512000,20,122
6,CR,5,512000,188,125
6,CR,5,512000,223,213
6,CR,5,512000,113,136
6,CR,5,512000,31,213
6,CR,5,512000,196,3
6,CR,5,512000,180,156
6,CR,5,512000,140,43
6,CR,5,512000,152,154
6,CR,5,512000,201,198
6,CR,5,512000,80,78
6,CR,5,512000,144,15
6,CR,5,512000,45,1
6,CR,5,512000,118,253
6,CR,5,512000,233,82
6,CR,5,512000,250,97
6,CR,5,512000,117,26
6,CR,5,512000,75,248
6,CR,5,512000,172,103
6,CR,5,512000,144,29
6,CR,5,512000,182,190
6,CR,5,512000,239,100
6,CR,5,512000,6,163
6,CR,5,512000,216,232
6,CR,5,512000,239,173
6,CR,5,512000,243,63
6,CR,5,512000,3,98
6,CR,5,512000,99,234
6,CR,5,512000,181,131
6,CR,5,512000,165,175
6,CR,5,512000,243,224
6,CR,5,512000,138,47
6,CR,5,512000,252,58
6,CR,5,512000,17,47
6,CR,5,512000,94,249
6,CR,5,512000,223,73
6,CR,5,512000,240,139
6,CR,5,512000,17,231
6,CR,5,512000,171,13
6,CR,5,512000,116,60
6,CR,5,512000,100,0
6,CR,5,512000,59,233
6,CR,5,512000,38,213
6,CR,5,512000,179,111
6,CR,5,512000,49,236
6,CR,5,512000,147,221
6,CR,5,512000,110,228
6,CR,5,512000,51,43
6,CR,5,512000,200,42
6,CR,5,512000,178,125
6,CR,5,512000,19,114
6,CR,5,512000,37,55
6,CR,5,512000,61,144
6,CR,5,512000,234,114
6,CR,5,512000,61,81
6,CR,5,512000,129,94
6,CR,5,512000,174,137
6,CR,5,512000,31,217
6,CR,5,512000,106,199
6,CR,5,512000,65,155
6,CR,5,512000,145,198
6,CR,5,512000,176,170
6,CR,5,512000,174,158
6,CR,5,512000,14,129
6,CR,5,512000,255,124
6,CR,5,512000,201,30
6,CR,5,512000,205,176
6,CR,5,512000,184,93
6,CR,5,512000,162,144
6,CR,5,512000,184,142
6,CR,5,512000,74,55
6,CR,5,512000,126,114
6,CR,5,512000,216,208
6,CR,5,512000,82,37
6,CR,5,512000,88,42
6,CR,5,512000,255,116
6,CR,5,512000,236,144
6,CR,5,512000,9,117
6,CR,5,512000,240,131
6,CR,5,512000,211,186
6,CR,5,512000,196,10
6,CR,5,512000,20,113
6,CR,5,512000,188,31
6,CR,5,512000,196,75
6,CR,5,512000,175,197
6,CR,5,512000,203,91
6,CR,5,512000,84,19
6,CR,5,512000,27,30
6,CR,5,512000,64,218
6,CR,5,512000,27,99
6,CR,5,512000,255,161
6,CR,5,512000,172,236
6,CR,5,512000,61,20
6,CR,5,512000,61,104
6,CR,5,512000,12,225
6,CR,5,512000,236,45
6,CR,5,512000,12,130
6,CR,5,512000,77,170
6,CR,5,512000,177,141
6,CR,5,512000,31,210
6,CR,5,512000,7,172
6,CR,5,512000,105,168
6,CR,5,512000,219,104
6,CR,5,512000,138,125
6,CR,5,512000,235,227
6,CR,5,512000,209,164
6,CR,5,512000,146,198
6,CR,5,512000,237,96
6,CR,5,512000,237,28
6,CR,5,512000,239,106
6,CR,5,512000,189,67
6,CR,5,512000,172,224
6,CR,5,512000,200,130
6,CR,5,512000,84,189
6,CR,5,512000,43,59
6,CR,5,512000,30,196
6,CR,5,512000,42,160
6,CR,5,512000,102,165
6,CR,5,512000,28,174
6,CR,5,512000,35,37
6,CR,5,512000,148,71
6,CR,5,512000,16,201
6,CR,5,512000,191,50
6,CR,5,512000,215,135
6,CR,5,512000,116,108
6,CR,5,512000,19,12
6,CR,5,512000,149,95
6,CR,5,512000,144,235
6,CR,5,512000,182,63
6,CR,5,512000,19,108
6,CR,5,512000,231,120
6,CR,5,512000,39,144
6,CR,5,512000,69,228
6,CR,5,512000,51,161
6,CR,5,512000,96,160
6,CR,5,512000,111,174
6,CR,5,512000,17,199
6,CR,5,512000,209,94
6,CR,5,512000,69,9
6,CR,5,512000,39,189
6,CR,5,512000,144,93
6,CR,5,512000,56,115
6,CR,5,512000,254,236
6,CR,5,512000,6,162
6,CR,5,512000,229,124
6,CR,5,512000,131,206
6,CR,5,512000,89,68
6,CR,5,512000,6,93
6,CR,5,512000,136,51
6,CR,5,512000,206,238
6,CR,5,512000,125,3
6,CR,5,512000,13,206
6,CR,5,512000,12,52
6,CR,5,512000,252,82
6,CR,5,512000,207,153
6,CR,5,512000,178,135
6,CR,5,512000,201,116
6,CR,5,512000,246,212
6,CR,5,512000,211,101
6,CR,5,512000,124,223
6,CR,5,512000,29,16
6,CR,5,512000,168,140
6,CR,5,512000,178,255
6,CR,5,512000,239,98
6,CR,5,512000,72,23
6,CR,5,512000,46,177
6,CR,5,512000,135,193
6,CR,5,512000,208,148
6,CR,5,512000,4,57
6,CR,5,512000,230,21
6,CR,5,512000,88,48
6,CR,5,512000,196,249
6,CR,5,512000,95,118
6,CR,5,512000,63,191
6,CR,5,512000,243,108
6,CR,5,512000,239,240
6,CR,5,512000,205,45
6,CR,5,512000,3,224
6,CR,5,512000,239,153
6,CR,5,512000,54,195
6,CR,5,512000,25,15
6,CR,5,512000,74,131
6,CR,5,512000,232,36
6,CR,5,512000,57,148
6,CR,5,512000,112,145
6,CR,5,512000,62,81
6,CR,5,512000,48,194
6,CR,5,512000,37,51
6,CR,5,512000,114,81
6,CR,5,512000,215,66
6,CR,5,512000,85,177
6,CR,5,512000,13,251
6,CR,5,512000,206,136
6,CR,5,512000,81,4
6,CR,5,512000,3,223
6,CR,5,512000,80,125
6,CR,5,512000,43,236
6,CR,5,512000,151,46
6,CR,5,512000,153,75
6,CR,5,512000,221,94
6,CR,5,512000,42,127
6,CR,5,512000,36,55
6,CR,5,512000,82,170
6,CR,5,512000,64,213
6,CR,5,512000,9,60
6,CR,5,512000,121,133
6,CR,5,512000,143,75
6,CR,5,512000,16,191
6,CR,5,512000,112,64
6,CR,5,512000,201,50
6,CR,5,512000,255,168
6,CR,5,512000,165,168
6,CR,5,512000,122,79
6,CR,5,512000,155,40
6,CR,5,512000,215,101
6,CR,5,512000,213,157
6,CR,5,512000,105,84
6,CR,5,512000,169,1
6,CR,5,512000,255,42
6,CR,5,512000,241,99
6,CR,5,512000,87,6
6,CR,5,512000,242,0
6,CR,5,512000,146,158
6,CR,5,512000,155,230
6,CR,5,512000,164,129
6,CR,5,512000,172,35
6,CR,5,512000,171,106
6,CR,5,512000,198,168
6,CR,5,512000,13,149
6,CR,5,512000,122,18
6,CR,5,512000,64,23
6,CR,5,512000,64,207
6,CR,5,512000,3,174
6,CR,5,512000,234,210
6,CR,5,512000,173,194
6,CR,5,512000,190,58
6,CR,5,512000,250,143
6,CR,5,512000,235,187
6,CR,5,512000,3,27
6,CR,5,512000,164,210
6,CR,5,512000,173,5
6,CR,5,512000,136,128
6,CR,5,512000,125,160
6,CR,5,512000,158,111
6,CR,5,512000,57,243
6,CR,5,512000,137,161
6,CR,5,512000,173,72
6,CR,5,512000,227,111
6,CR,5,512000,164,111
6,CR,5,512000,176,155
6,CR,5,512000,34,43
6,CR,5,512000,155,235
6,CR,5,512000,3,46
6,CR,5,512000,196,76
6,CR,5,512000,57,49
6,CR,5,512000,62,135
6,CR,5,512000,86,110
6,CR,5,512000,70,155
6,CR,5,512000,220,113
6,CR,5,512000,54,58
6,CR,5,512000,0,112
6,CR,5,512000,90,254
6,CR,5,512000,9,92
6,CR,5,512000,6,65
6,CR,5,512000,166,115
6,CR,5,512000,93,138
6,CR,5,512000,98,17
6,CR,5,512000,186,26
6,CR,5,512000,144,184
6,CR,5,512000,38,44
6,CR,5,512000,166,64
6,CR,5,512000,177,231
6,CR,5,512000,10,238
6,CR,5,512000,124,92
6,CR,5,512000,35,59
6,CR,5,512000,139,237
6,CR,5,512000,133,17
6,CR,5,512000,5,156
6,CR,5,512000,165,102
6,CR,5,512000,241,181
6,CR,5,512000,110,196
6,CR,5,512000,230,169
6,CR,5,512000,51,152
6,CR,5,512000,130,233
6,CR,5,512000,51,63
6,CR,5,512000,83,164
6,CR,5,512000,22,27
